## [iView]
## Converted from:	F:\transfer\to convert\negtracker5_3\021713_02-eye_data.idf
## Date:	17.02.2013 21:57:07
## Version:	IDF Converter 3.0.16
## IDF Version:	9
## Sample Rate:	120
## Separator Type:	Msg
## Trial Count:	1
## Uses Plane File:	False
## Number of Samples:	1468                                                                                                                                                                                                                                                            
## Reversed:	none
## [Run]
## Subject:	021713_02                                                                                                                                                                                                                                                       
## Description:	                                                                                                                                                                                                                                                                
## [Calibration]
## Calibration Type:	5-point
## Calibration Area:	1680	1050
## Calibration Point 0:	Position(840;525)
## Calibration Point 1:	Position(420;105)
## Calibration Point 2:	Position(1512;262)
## Calibration Point 3:	Position(1260;945)
## Calibration Point 4:	Position(167;787)
## [Geometry]
## Stimulus Dimension [mm]:	474	297
## Head Distance [mm]:	700
## [Hardware Setup]
## System ID:	IVR-X-1040-05197-SMU
## Operating System :	5.1
## iView X Version:	2.7.13
## [Filter Settings]
## Heuristic:	False
## Heuristic Stage:	0
## Bilateral:	True
## Gaze Cursor Filter:	True
## Saccade Length [px]:	80
## Filter Depth [ms]:	20
## Format:	LEFT, RIGHT, POR, MSG, FRAMECOUNTER
## 
Time	Type	Trial	L POR X [px]	L POR Y [px]	R POR X [px]	R POR Y [px]	Frame	Aux1
3682709072	SMP	1	0.00	0.00	0.00	0.00	-1	
3682717418	SMP	1	0.00	0.00	0.00	0.00	-1	
3682725791	SMP	1	0.00	0.00	0.00	0.00	-1	
3682734074	SMP	1	0.00	0.00	0.00	0.00	-1	
3682742403	SMP	1	0.00	0.00	0.00	0.00	-1	
3682750785	SMP	1	0.00	0.00	0.00	0.00	-1	
3682759153	SMP	1	0.00	0.00	0.00	0.00	-1	
3682767368	SMP	1	0.00	0.00	0.00	0.00	-1	
3682775770	SMP	1	0.00	0.00	0.00	0.00	-1	
3682784112	SMP	1	0.00	0.00	0.00	0.00	-1	
3682792369	SMP	1	0.00	0.00	0.00	0.00	-1	
3682800743	SMP	1	0.00	0.00	0.00	0.00	-1	
3682809140	SMP	1	0.00	0.00	0.00	0.00	-1	
3682817529	SMP	1	0.00	0.00	0.00	0.00	-1	
3682825779	SMP	1	0.00	0.00	0.00	0.00	-1	
3682834133	SMP	1	0.00	0.00	0.00	0.00	-1	
3682842503	SMP	1	0.00	0.00	0.00	0.00	-1	
3682850903	SMP	1	0.00	0.00	0.00	0.00	-1	
3682859143	SMP	1	0.00	0.00	0.00	0.00	-1	
3682867541	SMP	1	0.00	0.00	0.00	0.00	-1	
3682875898	SMP	1	0.00	0.00	0.00	0.00	-1	
3682884305	SMP	1	0.00	0.00	0.00	0.00	-1	
3682892523	SMP	1	0.00	0.00	0.00	0.00	-1	
3682900893	SMP	1	0.00	0.00	0.00	0.00	-1	
3682909277	SMP	1	0.00	0.00	0.00	0.00	-1	
3682917655	SMP	1	0.00	0.00	0.00	0.00	-1	
3682925905	SMP	1	0.00	0.00	0.00	0.00	-1	
3682934260	SMP	1	0.00	0.00	0.00	0.00	-1	
3682942624	SMP	1	0.00	0.00	0.00	0.00	-1	
3682950902	SMP	1	0.00	0.00	0.00	0.00	-1	
3682959262	SMP	1	0.00	0.00	0.00	0.00	-1	
3682967653	SMP	1	0.00	0.00	0.00	0.00	-1	
3682976033	SMP	1	0.00	0.00	0.00	0.00	-1	
3682984265	SMP	1	0.00	0.00	0.00	0.00	-1	
3682992682	SMP	1	0.00	0.00	0.00	0.00	-1	
3683001035	SMP	1	0.00	0.00	0.00	0.00	-1	
3683009384	SMP	1	0.00	0.00	0.00	0.00	-1	
3683017611	SMP	1	0.00	0.00	0.00	0.00	-1	
3683026006	SMP	1	0.00	0.00	0.00	0.00	-1	
3683034372	SMP	1	0.00	0.00	0.00	0.00	-1	
3683042640	SMP	1	0.00	0.00	0.00	0.00	-1	
3683050988	SMP	1	0.00	0.00	0.00	0.00	-1	
3683059372	SMP	1	0.00	0.00	0.00	0.00	-1	
3683067734	SMP	1	0.00	0.00	0.00	0.00	-1	
3683075998	SMP	1	0.00	0.00	0.00	0.00	-1	
3683084356	SMP	1	0.00	0.00	0.00	0.00	-1	
3683092733	SMP	1	0.00	0.00	0.00	0.00	-1	
3683101105	SMP	1	0.00	0.00	0.00	0.00	-1	
3683109353	SMP	1	0.00	0.00	0.00	0.00	-1	
3683117723	SMP	1	0.00	0.00	0.00	0.00	-1	
3683126115	SMP	1	0.00	0.00	0.00	0.00	-1	
3683134480	SMP	1	0.00	0.00	0.00	0.00	-1	
3683142720	SMP	1	0.00	0.00	0.00	0.00	-1	
3683151137	SMP	1	0.00	0.00	0.00	0.00	-1	
3683159476	SMP	1	0.00	0.00	0.00	0.00	-1	
3683167745	SMP	1	0.00	0.00	0.00	0.00	-1	
3683176111	SMP	1	0.00	0.00	0.00	0.00	-1	
3683184528	SMP	1	0.00	0.00	0.00	0.00	-1	
3683192854	SMP	1	0.00	0.00	0.00	0.00	-1	
3683201124	SMP	1	0.00	0.00	0.00	0.00	-1	
3683209589	SMP	1	0.00	0.00	0.00	0.00	-1	
3683217959	SMP	1	0.00	0.00	0.00	0.00	-1	
3683226312	SMP	1	0.00	0.00	0.00	0.00	-1	
3683234560	SMP	1	0.00	0.00	0.00	0.00	-1	
3683242917	SMP	1	0.00	0.00	0.00	0.00	-1	
3683251287	SMP	1	0.00	0.00	0.00	0.00	-1	
3683259643	SMP	1	0.00	0.00	0.00	0.00	-1	
3683268038	SMP	1	0.00	0.00	0.00	0.00	-1	
3683276272	SMP	1	0.00	0.00	0.00	0.00	-1	
3683284681	SMP	1	0.00	0.00	0.00	0.00	-1	
3683293024	SMP	1	0.00	0.00	0.00	0.00	-1	
3683301299	SMP	1	0.00	0.00	0.00	0.00	-1	
3683309666	SMP	1	0.00	0.00	0.00	0.00	-1	
3683318041	SMP	1	0.00	0.00	0.00	0.00	-1	
3683326276	SMP	1	0.00	0.00	0.00	0.00	-1	
3683334677	SMP	1	0.00	0.00	0.00	0.00	-1	
3683342973	SMP	1	0.00	0.00	0.00	0.00	-1	
3683351400	SMP	1	0.00	0.00	0.00	0.00	-1	
3683359656	SMP	1	0.00	0.00	0.00	0.00	-1	
3683368019	SMP	1	0.00	0.00	0.00	0.00	-1	
3683376408	SMP	1	0.00	0.00	0.00	0.00	-1	
3683384776	SMP	1	0.00	0.00	0.00	0.00	-1	
3683392988	SMP	1	0.00	0.00	0.00	0.00	-1	
3683401371	SMP	1	0.00	0.00	0.00	0.00	-1	
3683409744	SMP	1	0.00	0.00	0.00	0.00	-1	
3683418116	SMP	1	0.00	0.00	0.00	0.00	-1	
3683426371	SMP	1	0.00	0.00	0.00	0.00	-1	
3683434753	SMP	1	0.00	0.00	0.00	0.00	-1	
3683443133	SMP	1	0.00	0.00	0.00	0.00	-1	
3683451558	SMP	1	0.00	0.00	0.00	0.00	-1	
3683459788	SMP	1	0.00	0.00	0.00	0.00	-1	
3683468144	SMP	1	0.00	0.00	0.00	0.00	-1	
3683476511	SMP	1	0.00	0.00	0.00	0.00	-1	
3683484738	SMP	1	0.00	0.00	0.00	0.00	-1	
3683493234	SMP	1	0.00	0.00	0.00	0.00	-1	
3683501528	SMP	1	0.00	0.00	0.00	0.00	-1	
3683509928	SMP	1	0.00	0.00	0.00	0.00	-1	
3683518119	SMP	1	0.00	0.00	0.00	0.00	-1	
3683526527	SMP	1	0.00	0.00	0.00	0.00	-1	
3683534898	SMP	1	0.00	0.00	0.00	0.00	-1	
3683543262	SMP	1	0.00	0.00	0.00	0.00	-1	
3683551522	SMP	1	0.00	0.00	0.00	0.00	-1	
3683559906	SMP	1	0.00	0.00	0.00	0.00	-1	
3683568273	SMP	1	0.00	0.00	0.00	0.00	-1	
3683576695	SMP	1	0.00	0.00	0.00	0.00	-1	
3683584919	SMP	1	0.00	0.00	0.00	0.00	-1	
3683593259	SMP	1	0.00	0.00	0.00	0.00	-1	
3683601682	SMP	1	0.00	0.00	0.00	0.00	-1	
3683609910	SMP	1	0.00	0.00	0.00	0.00	-1	
3683618329	SMP	1	0.00	0.00	0.00	0.00	-1	
3683626649	SMP	1	0.00	0.00	0.00	0.00	-1	
3683634993	SMP	1	0.00	0.00	0.00	0.00	-1	
3683643281	SMP	1	0.00	0.00	0.00	0.00	-1	
3683651654	SMP	1	0.00	0.00	0.00	0.00	-1	
3683660012	SMP	1	0.00	0.00	0.00	0.00	-1	
3683668364	SMP	1	0.00	0.00	0.00	0.00	-1	
3683676646	SMP	1	0.00	0.00	0.00	0.00	-1	
3683685004	SMP	1	0.00	0.00	0.00	0.00	-1	
3683693394	SMP	1	0.00	0.00	0.00	0.00	-1	
3683701779	SMP	1	0.00	0.00	0.00	0.00	-1	
3683710015	SMP	1	0.00	0.00	0.00	0.00	-1	
3683718441	SMP	1	0.00	0.00	0.00	0.00	-1	
3683726739	SMP	1	0.00	0.00	0.00	0.00	-1	
3683735038	SMP	1	0.00	0.00	0.00	0.00	-1	
3683743374	SMP	1	0.00	0.00	0.00	0.00	-1	
3683751801	SMP	1	0.00	0.00	0.00	0.00	-1	
3683760136	SMP	1	0.00	0.00	0.00	0.00	-1	
3683768394	SMP	1	0.00	0.00	0.00	0.00	-1	
3683776844	SMP	1	0.00	0.00	0.00	0.00	-1	
3683785148	SMP	1	0.00	0.00	0.00	0.00	-1	
3683793477	SMP	1	0.00	0.00	0.00	0.00	-1	
3683801815	SMP	1	0.00	0.00	0.00	0.00	-1	
3683810151	SMP	1	0.00	0.00	0.00	0.00	-1	
3683818544	SMP	1	0.00	0.00	0.00	0.00	-1	
3683826924	SMP	1	0.00	0.00	0.00	0.00	-1	
3683835167	SMP	1	0.00	0.00	0.00	0.00	-1	
3683843523	SMP	1	0.00	0.00	0.00	0.00	-1	
3683851913	SMP	1	0.00	0.00	0.00	0.00	-1	
3683860401	SMP	1	0.00	0.00	0.00	0.00	-1	
3683868579	SMP	1	0.00	0.00	0.00	0.00	-1	
3683876915	SMP	1	0.00	0.00	0.00	0.00	-1	
3684372659	MSG	1	# Message: elmo_duck.avi
3684377414	SMP	1	0.00	0.00	0.00	0.00	-1	
3684385797	SMP	1	0.00	0.00	0.00	0.00	-1	
3684394054	SMP	1	0.00	0.00	0.00	0.00	-1	
3684402415	SMP	1	0.00	0.00	0.00	0.00	-1	
3684410779	SMP	1	0.00	0.00	0.00	0.00	-1	
3684419122	SMP	1	0.00	0.00	0.00	0.00	-1	
3684427385	SMP	1	0.00	0.00	0.00	0.00	-1	
3684435756	SMP	1	0.00	0.00	0.00	0.00	-1	
3684444168	SMP	1	0.00	0.00	0.00	0.00	-1	
3684452514	SMP	1	0.00	0.00	0.00	0.00	-1	
3684460746	SMP	1	0.00	0.00	0.00	0.00	-1	
3684469401	SMP	1	0.00	0.00	0.00	0.00	-1	
3684477496	SMP	1	0.00	0.00	0.00	0.00	-1	
3684485975	SMP	1	0.00	0.00	0.00	0.00	-1	
3684494098	SMP	1	0.00	0.00	0.00	0.00	-1	
3684502798	SMP	1	0.00	0.00	0.00	0.00	-1	
3684510907	SMP	1	0.00	0.00	0.00	0.00	-1	
3684519330	SMP	1	0.00	0.00	0.00	0.00	-1	
3684527524	SMP	1	0.00	0.00	0.00	0.00	-1	
3684535979	SMP	1	0.00	0.00	0.00	0.00	-1	
3684544318	SMP	1	0.00	0.00	0.00	0.00	-1	
3684552513	SMP	1	0.00	0.00	0.00	0.00	-1	
3684560907	SMP	1	0.00	0.00	0.00	0.00	-1	
3684569925	SMP	1	0.00	0.00	0.00	0.00	-1	
3684577653	SMP	1	0.00	0.00	0.00	0.00	-1	
3684585914	SMP	1	0.00	0.00	0.00	0.00	-1	
3684594272	SMP	1	0.00	0.00	0.00	0.00	-1	
3684602675	SMP	1	0.00	0.00	0.00	0.00	-1	
3684611027	SMP	1	0.00	0.00	0.00	0.00	-1	
3684619251	SMP	1	0.00	0.00	0.00	0.00	-1	
3684627656	SMP	1	0.00	0.00	0.00	0.00	-1	
3684636040	SMP	1	0.00	0.00	0.00	0.00	-1	
3684644424	SMP	1	0.00	0.00	0.00	0.00	-1	
3684652645	SMP	1	0.00	0.00	0.00	0.00	-1	
3684661019	SMP	1	0.00	0.00	0.00	0.00	-1	
3684669810	SMP	1	0.00	0.00	0.00	0.00	-1	
3684677655	SMP	1	0.00	0.00	0.00	0.00	-1	
3684686108	SMP	1	0.00	0.00	0.00	0.00	-1	
3684694472	SMP	1	0.00	0.00	0.00	0.00	-1	
3684702766	SMP	1	0.00	0.00	0.00	0.00	-1	
3684711033	SMP	1	0.00	0.00	0.00	0.00	-1	
3684719398	SMP	1	0.00	0.00	0.00	0.00	-1	
3684727720	SMP	1	0.00	0.00	0.00	0.00	-1	
3684736163	SMP	1	0.00	0.00	0.00	0.00	-1	
3684744359	SMP	1	0.00	0.00	0.00	0.00	-1	
3684752789	SMP	1	0.00	0.00	0.00	0.00	-1	
3684761160	SMP	1	0.00	0.00	0.00	0.00	-1	
3684769526	SMP	1	0.00	0.00	0.00	0.00	-1	
3684777772	SMP	1	0.00	0.00	0.00	0.00	-1	
3684786147	SMP	1	0.00	0.00	0.00	0.00	-1	
3684794536	SMP	1	0.00	0.00	0.00	0.00	-1	
3684802809	SMP	1	0.00	0.00	0.00	0.00	-1	
3684811178	SMP	1	0.00	0.00	0.00	0.00	-1	
3684819530	SMP	1	0.00	0.00	0.00	0.00	-1	
3684827846	SMP	1	0.00	0.00	0.00	0.00	-1	
3684836143	SMP	1	0.00	0.00	0.00	0.00	-1	
3684844526	SMP	1	0.00	0.00	0.00	0.00	-1	
3684852908	SMP	1	0.00	0.00	0.00	0.00	-1	
3684861261	SMP	1	0.00	0.00	0.00	0.00	-1	
3684870120	SMP	1	0.00	0.00	0.00	0.00	-1	
3684877847	SMP	1	0.00	0.00	0.00	0.00	-1	
3684886258	SMP	1	0.00	0.00	0.00	0.00	-1	
3684894644	SMP	1	0.00	0.00	0.00	0.00	-1	
3684902886	SMP	1	0.00	0.00	0.00	0.00	-1	
3684911278	SMP	1	0.00	0.00	0.00	0.00	-1	
3684919630	SMP	1	0.00	0.00	0.00	0.00	-1	
3684927994	SMP	1	0.00	0.00	0.00	0.00	-1	
3684936259	SMP	1	0.00	0.00	0.00	0.00	-1	
3684944597	SMP	1	0.00	0.00	0.00	0.00	-1	
3684953000	SMP	1	0.00	0.00	0.00	0.00	-1	
3684961209	SMP	1	0.00	0.00	0.00	0.00	-1	
3684969623	SMP	1	0.00	0.00	0.00	0.00	-1	
3684978021	SMP	1	0.00	0.00	0.00	0.00	-1	
3684986373	SMP	1	0.00	0.00	0.00	0.00	-1	
3684994568	SMP	1	0.00	0.00	0.00	0.00	-1	
3685003553	SMP	1	0.00	0.00	0.00	0.00	-1	
3685011411	SMP	1	0.00	0.00	0.00	0.00	-1	
3685019758	SMP	1	0.00	0.00	0.00	0.00	-1	
3685027983	SMP	1	0.00	0.00	0.00	0.00	-1	
3685036854	SMP	1	0.00	0.00	0.00	0.00	-1	
3685044716	SMP	1	0.00	0.00	0.00	0.00	-1	
3685053130	SMP	1	0.00	0.00	0.00	0.00	-1	
3685061334	SMP	1	0.00	0.00	0.00	0.00	-1	
3685070265	SMP	1	0.00	0.00	0.00	0.00	-1	
3685078115	SMP	1	0.00	0.00	0.00	0.00	-1	
3685086399	SMP	1	0.00	0.00	0.00	0.00	-1	
3685094811	SMP	1	0.00	0.00	0.00	0.00	-1	
3685103175	SMP	1	0.00	0.00	0.00	0.00	-1	
3685111498	SMP	1	0.00	0.00	0.00	0.00	-1	
3685119767	SMP	1	0.00	0.00	0.00	0.00	-1	
3685128119	SMP	1	0.00	0.00	0.00	0.00	-1	
3685136543	SMP	1	0.00	0.00	0.00	0.00	-1	
3685144877	SMP	1	0.00	0.00	0.00	0.00	-1	
3685153157	SMP	1	0.00	0.00	0.00	0.00	-1	
3685161522	SMP	1	0.00	0.00	0.00	0.00	-1	
3685169956	SMP	1	0.00	0.00	0.00	0.00	-1	
3685178320	SMP	1	0.00	0.00	0.00	0.00	-1	
3685186536	SMP	1	0.00	0.00	0.00	0.00	-1	
3685194890	SMP	1	0.00	0.00	0.00	0.00	-1	
3685203274	SMP	1	0.00	0.00	0.00	0.00	-1	
3685211510	SMP	1	0.00	0.00	0.00	0.00	-1	
3685219908	SMP	1	0.00	0.00	0.00	0.00	-1	
3685228375	SMP	1	0.00	0.00	0.00	0.00	-1	
3685238350	SMP	1	0.00	0.00	0.00	0.00	-1	
3685244894	SMP	1	0.00	0.00	0.00	0.00	-1	
3685253275	SMP	1	0.00	0.00	0.00	0.00	-1	
3685261613	SMP	1	0.00	0.00	0.00	0.00	-1	
3685270141	SMP	1	0.00	0.00	0.00	0.00	-1	
3685278397	SMP	1	0.00	0.00	0.00	0.00	-1	
3685286612	SMP	1	0.00	0.00	0.00	0.00	-1	
3685295002	SMP	1	0.00	0.00	0.00	0.00	-1	
3685303554	SMP	1	0.00	0.00	0.00	0.00	-1	
3685311639	SMP	1	0.00	0.00	0.00	0.00	-1	
3685319990	SMP	1	0.00	0.00	0.00	0.00	-1	
3685328469	SMP	1	0.00	0.00	0.00	0.00	-1	
3685336742	SMP	1	0.00	0.00	0.00	0.00	-1	
3685344992	SMP	1	0.00	0.00	0.00	0.00	-1	
3685353397	SMP	1	0.00	0.00	0.00	0.00	-1	
3685361735	SMP	1	0.00	0.00	0.00	0.00	-1	
3685370006	SMP	1	0.00	0.00	0.00	0.00	-1	
3685378385	SMP	1	0.00	0.00	0.00	0.00	-1	
3685386796	SMP	1	0.00	0.00	0.00	0.00	-1	
3685395119	SMP	1	0.00	0.00	0.00	0.00	-1	
3685403934	SMP	1	0.00	0.00	0.00	0.00	-1	
3685411764	SMP	1	0.00	0.00	0.00	0.00	-1	
3685420126	SMP	1	0.00	0.00	0.00	0.00	-1	
3685428431	SMP	1	0.00	0.00	0.00	0.00	-1	
3685436785	SMP	1	0.00	0.00	0.00	0.00	-1	
3685445174	SMP	1	0.00	0.00	0.00	0.00	-1	
3685453518	SMP	1	0.00	0.00	0.00	0.00	-1	
3685461854	SMP	1	0.00	0.00	0.00	0.00	-1	
3685470113	SMP	1	0.00	0.00	0.00	0.00	-1	
3685478504	SMP	1	0.00	0.00	0.00	0.00	-1	
3685486886	SMP	1	0.00	0.00	0.00	0.00	-1	
3685495179	SMP	1	0.00	0.00	0.00	0.00	-1	
3685503470	SMP	1	0.00	0.00	0.00	0.00	-1	
3685511855	SMP	1	0.00	0.00	0.00	0.00	-1	
3685520269	SMP	1	0.00	0.00	0.00	0.00	-1	
3685528582	SMP	1	0.00	0.00	0.00	0.00	-1	
3685536890	SMP	1	0.00	0.00	0.00	0.00	-1	
3685545258	SMP	1	0.00	0.00	0.00	0.00	-1	
3685553639	SMP	1	0.00	0.00	0.00	0.00	-1	
3685561913	SMP	1	0.00	0.00	0.00	0.00	-1	
3685570225	SMP	1	0.00	0.00	0.00	0.00	-1	
3685578628	SMP	1	0.00	0.00	0.00	0.00	-1	
3685587040	SMP	1	0.00	0.00	0.00	0.00	-1	
3685595258	SMP	1	0.00	0.00	0.00	0.00	-1	
3685604039	SMP	1	0.00	0.00	0.00	0.00	-1	
3685611996	SMP	1	0.00	0.00	0.00	0.00	-1	
3685620402	SMP	1	0.00	0.00	0.00	0.00	-1	
3685628578	SMP	1	0.00	0.00	0.00	0.00	-1	
3685637202	SMP	1	0.00	0.00	0.00	0.00	-1	
3685645313	SMP	1	0.00	0.00	0.00	0.00	-1	
3685653638	SMP	1	0.00	0.00	0.00	0.00	-1	
3685661979	SMP	1	0.00	0.00	0.00	0.00	-1	
3685670985	SMP	1	0.00	0.00	0.00	0.00	-1	
3685678757	SMP	1	0.00	0.00	0.00	0.00	-1	
3685687050	SMP	1	0.00	0.00	0.00	0.00	-1	
3685695373	SMP	1	0.00	0.00	0.00	0.00	-1	
3685703771	SMP	1	0.00	0.00	0.00	0.00	-1	
3685712136	SMP	1	0.00	0.00	0.00	0.00	-1	
3685720376	SMP	1	0.00	0.00	0.00	0.00	-1	
3685728692	SMP	1	0.00	0.00	0.00	0.00	-1	
3685737111	SMP	1	0.00	0.00	0.00	0.00	-1	
3685745330	SMP	1	0.00	0.00	0.00	0.00	-1	
3685753771	SMP	1	0.00	0.00	0.00	0.00	-1	
3685762101	SMP	1	0.00	0.00	0.00	0.00	-1	
3685770988	SMP	1	0.00	0.00	0.00	0.00	-1	
3685778758	SMP	1	0.00	0.00	0.00	0.00	-1	
3685787159	SMP	1	0.00	0.00	0.00	0.00	-1	
3685795488	SMP	1	0.00	0.00	0.00	0.00	-1	
3685803931	SMP	1	0.00	0.00	0.00	0.00	-1	
3685812174	SMP	1	0.00	0.00	0.00	0.00	-1	
3685820503	SMP	1	0.00	0.00	0.00	0.00	-1	
3685828837	SMP	1	0.00	0.00	0.00	0.00	-1	
3685837427	SMP	1	0.00	0.00	0.00	0.00	-1	
3685845502	SMP	1	0.00	0.00	0.00	0.00	-1	
3685853886	SMP	1	0.00	0.00	0.00	0.00	-1	
3685862216	SMP	1	0.00	0.00	0.00	0.00	-1	
3685870599	SMP	1	0.00	0.00	0.00	0.00	-1	
3685879069	SMP	1	0.00	0.00	0.00	0.00	-1	
3685887272	SMP	1	0.00	0.00	0.00	0.00	-1	
3685895621	SMP	1	0.00	0.00	0.00	0.00	-1	
3685903889	SMP	1	0.00	0.00	0.00	0.00	-1	
3685912225	SMP	1	0.00	0.00	0.00	0.00	-1	
3685920631	SMP	1	0.00	0.00	0.00	0.00	-1	
3685928974	SMP	1	0.00	0.00	0.00	0.00	-1	
3685937620	SMP	1	0.00	0.00	0.00	0.00	-1	
3685945617	SMP	1	0.00	0.00	0.00	0.00	-1	
3685953985	SMP	1	0.00	0.00	0.00	0.00	-1	
3685962377	SMP	1	0.00	0.00	0.00	0.00	-1	
3685971163	SMP	1	0.00	0.00	0.00	0.00	-1	
3685978993	SMP	1	0.00	0.00	0.00	0.00	-1	
3685987387	SMP	1	0.00	0.00	0.00	0.00	-1	
3685995721	SMP	1	0.00	0.00	0.00	0.00	-1	
3686004000	SMP	1	0.00	0.00	0.00	0.00	-1	
3686012397	SMP	1	0.00	0.00	0.00	0.00	-1	
3686020720	SMP	1	0.00	0.00	0.00	0.00	-1	
3686029120	SMP	1	0.00	0.00	0.00	0.00	-1	
3686038117	SMP	1	0.00	0.00	0.00	0.00	-1	
3686045722	SMP	1	0.00	0.00	0.00	0.00	-1	
3686054091	SMP	1	0.00	0.00	0.00	0.00	-1	
3686062354	SMP	1	0.00	0.00	0.00	0.00	-1	
3686070837	SMP	1	0.00	0.00	0.00	0.00	-1	
3686079118	SMP	1	0.00	0.00	0.00	0.00	-1	
3686087496	SMP	1	0.00	0.00	0.00	0.00	-1	
3686095747	SMP	1	0.00	0.00	0.00	0.00	-1	
3686104106	SMP	1	0.00	0.00	0.00	0.00	-1	
3686112486	SMP	1	0.00	0.00	0.00	0.00	-1	
3686120871	SMP	1	0.00	0.00	0.00	0.00	-1	
3686129110	SMP	1	0.00	0.00	0.00	0.00	-1	
3686137503	SMP	1	0.00	0.00	0.00	0.00	-1	
3686145872	SMP	1	0.00	0.00	0.00	0.00	-1	
3686154275	SMP	1	0.00	0.00	0.00	0.00	-1	
3686162463	SMP	1	0.00	0.00	0.00	0.00	-1	
3686170886	SMP	1	0.00	0.00	0.00	0.00	-1	
3686179242	SMP	1	0.00	0.00	0.00	0.00	-1	
3686187499	SMP	1	0.00	0.00	0.00	0.00	-1	
3686195850	SMP	1	0.00	0.00	0.00	0.00	-1	
3686204439	SMP	1	0.00	0.00	0.00	0.00	-1	
3686212624	SMP	1	0.00	0.00	0.00	0.00	-1	
3686220870	SMP	1	0.00	0.00	0.00	0.00	-1	
3686229357	SMP	1	0.00	0.00	0.00	0.00	-1	
3686237796	SMP	1	0.00	0.00	0.00	0.00	-1	
3686245962	SMP	1	0.00	0.00	0.00	0.00	-1	
3686254232	SMP	1	0.00	0.00	0.00	0.00	-1	
3686262587	SMP	1	0.00	0.00	0.00	0.00	-1	
3686270997	SMP	1	0.00	0.00	0.00	0.00	-1	
3686279427	SMP	1	0.00	0.00	0.00	0.00	-1	
3686287601	SMP	1	0.00	0.00	0.00	0.00	-1	
3686295984	SMP	1	0.00	0.00	0.00	0.00	-1	
3686304393	SMP	1	0.00	0.00	0.00	0.00	-1	
3686312652	SMP	1	0.00	0.00	0.00	0.00	-1	
3686321006	SMP	1	0.00	0.00	0.00	0.00	-1	
3686329289	SMP	1	0.00	0.00	0.00	0.00	-1	
3686337741	SMP	1	0.00	0.00	0.00	0.00	-1	
3686345988	SMP	1	0.00	0.00	0.00	0.00	-1	
3686354350	SMP	1	0.00	0.00	0.00	0.00	-1	
3686362748	SMP	1	0.00	0.00	0.00	0.00	-1	
3686371126	SMP	1	0.00	0.00	0.00	0.00	-1	
3686379440	SMP	1	0.00	0.00	0.00	0.00	-1	
3686387859	SMP	1	0.00	0.00	0.00	0.00	-1	
3686396107	SMP	1	0.00	0.00	0.00	0.00	-1	
3686404701	SMP	1	0.00	0.00	0.00	0.00	-1	
3686412728	SMP	1	0.00	0.00	0.00	0.00	-1	
3686421155	SMP	1	0.00	0.00	0.00	0.00	-1	
3686429427	SMP	1	0.00	0.00	0.00	0.00	-1	
3686438562	SMP	1	0.00	0.00	0.00	0.00	-1	
3686446130	SMP	1	0.00	0.00	0.00	0.00	-1	
3686454507	SMP	1	0.00	0.00	0.00	0.00	-1	
3686462840	SMP	1	0.00	0.00	0.00	0.00	-1	
3686471108	SMP	1	0.00	0.00	0.00	0.00	-1	
3686479494	SMP	1	0.00	0.00	0.00	0.00	-1	
3686487846	SMP	1	0.00	0.00	0.00	0.00	-1	
3686496180	SMP	1	0.00	0.00	0.00	0.00	-1	
3686504479	SMP	1	0.00	0.00	0.00	0.00	-1	
3686512856	SMP	1	0.00	0.00	0.00	0.00	-1	
3686521248	SMP	1	0.00	0.00	0.00	0.00	-1	
3686529609	SMP	1	0.00	0.00	0.00	0.00	-1	
3686538458	SMP	1	0.00	0.00	0.00	0.00	-1	
3686546232	SMP	1	0.00	0.00	0.00	0.00	-1	
3686554628	SMP	1	0.00	0.00	0.00	0.00	-1	
3686562859	SMP	1	0.00	0.00	0.00	0.00	-1	
3686571219	SMP	1	0.00	0.00	0.00	0.00	-1	
3686579577	SMP	1	0.00	0.00	0.00	0.00	-1	
3686587985	SMP	1	0.00	0.00	0.00	0.00	-1	
3686596310	SMP	1	0.00	0.00	0.00	0.00	-1	
3686604650	SMP	1	0.00	0.00	0.00	0.00	-1	
3686612991	SMP	1	0.00	0.00	0.00	0.00	-1	
3686621351	SMP	1	0.00	0.00	0.00	0.00	-1	
3686629602	SMP	1	0.00	0.00	0.00	0.00	-1	
3686638384	SMP	1	0.00	0.00	0.00	0.00	-1	
3686646353	SMP	1	0.00	0.00	0.00	0.00	-1	
3686654742	SMP	1	0.00	0.00	0.00	0.00	-1	
3686662950	SMP	1	0.00	0.00	0.00	0.00	-1	
3686671346	SMP	1	0.00	0.00	0.00	0.00	-1	
3686679793	SMP	1	0.00	0.00	0.00	0.00	-1	
3686688125	SMP	1	0.00	0.00	0.00	0.00	-1	
3686696345	SMP	1	0.00	0.00	0.00	0.00	-1	
3686704694	SMP	1	0.00	0.00	0.00	0.00	-1	
3686713027	SMP	1	0.00	0.00	0.00	0.00	-1	
3686721364	SMP	1	0.00	0.00	0.00	0.00	-1	
3686729748	SMP	1	0.00	0.00	0.00	0.00	-1	
3686738668	SMP	1	0.00	0.00	0.00	0.00	-1	
3686746478	SMP	1	0.00	0.00	0.00	0.00	-1	
3686754732	SMP	1	0.00	0.00	0.00	0.00	-1	
3686763110	SMP	1	0.00	0.00	0.00	0.00	-1	
3686771464	SMP	1	0.00	0.00	0.00	0.00	-1	
3686779861	SMP	1	0.00	0.00	0.00	0.00	-1	
3686788082	SMP	1	0.00	0.00	0.00	0.00	-1	
3686796443	SMP	1	0.00	0.00	0.00	0.00	-1	
3686805115	SMP	1	0.00	0.00	0.00	0.00	-1	
3686813213	SMP	1	0.00	0.00	0.00	0.00	-1	
3686821446	SMP	1	0.00	0.00	0.00	0.00	-1	
3686829828	SMP	1	0.00	0.00	0.00	0.00	-1	
3686839259	SMP	1	0.00	0.00	0.00	0.00	-1	
3686846513	SMP	1	0.00	0.00	0.00	0.00	-1	
3686854841	SMP	1	0.00	0.00	0.00	0.00	-1	
3686863208	SMP	1	0.00	0.00	0.00	0.00	-1	
3686871616	SMP	1	0.00	0.00	0.00	0.00	-1	
3686896614	SMP	1	0.00	0.00	0.00	0.00	-1	
3686904958	SMP	1	0.00	0.00	0.00	0.00	-1	
3686913229	SMP	1	0.00	0.00	0.00	0.00	-1	
3686921594	SMP	1	0.00	0.00	0.00	0.00	-1	
3686929988	SMP	1	0.00	0.00	0.00	0.00	-1	
3686938383	SMP	1	0.00	0.00	0.00	0.00	-1	
3686946597	SMP	1	0.00	0.00	0.00	0.00	-1	
3686954988	SMP	1	0.00	0.00	0.00	0.00	-1	
3686963356	SMP	1	0.00	0.00	0.00	0.00	-1	
3686971719	SMP	1	0.00	0.00	0.00	0.00	-1	
3686980255	SMP	1	0.00	0.00	0.00	0.00	-1	
3686988372	SMP	1	0.00	0.00	0.00	0.00	-1	
3687013342	SMP	1	0.00	0.00	0.00	0.00	-1	
3687021693	SMP	1	0.00	0.00	0.00	0.00	-1	
3687030119	SMP	1	0.00	0.00	0.00	0.00	-1	
3687038411	SMP	1	0.00	0.00	0.00	0.00	-1	
3687046726	SMP	1	0.00	0.00	0.00	0.00	-1	
3687063495	SMP	1	0.00	0.00	0.00	0.00	-1	
3687071686	SMP	1	0.00	0.00	0.00	0.00	-1	
3687080100	SMP	1	0.00	0.00	0.00	0.00	-1	
3687088414	SMP	1	0.00	0.00	0.00	0.00	-1	
3687096865	SMP	1	0.00	0.00	0.00	0.00	-1	
3687121861	SMP	1	0.00	0.00	0.00	0.00	-1	
3687130092	SMP	1	0.00	0.00	0.00	0.00	-1	
3687138438	SMP	1	0.00	0.00	0.00	0.00	-1	
3687146870	SMP	1	0.00	0.00	0.00	0.00	-1	
3687155197	SMP	1	0.00	0.00	0.00	0.00	-1	
3687163489	SMP	1	0.00	0.00	0.00	0.00	-1	
3687171846	SMP	1	0.00	0.00	0.00	0.00	-1	
3687180185	SMP	1	0.00	0.00	0.00	0.00	-1	
3687188595	SMP	1	0.00	0.00	0.00	0.00	-1	
3687196897	SMP	1	0.00	0.00	0.00	0.00	-1	
3687205207	SMP	1	0.00	0.00	0.00	0.00	-1	
3687213616	SMP	1	0.00	0.00	0.00	0.00	-1	
3687221943	SMP	1	0.00	0.00	0.00	0.00	-1	
3687238610	SMP	1	0.00	0.00	0.00	0.00	-1	
3687247000	SMP	1	0.00	0.00	0.00	0.00	-1	
3687255214	SMP	1	0.00	0.00	0.00	0.00	-1	
3687280361	SMP	1	0.00	0.00	0.00	0.00	-1	
3687288595	SMP	1	0.00	0.00	0.00	0.00	-1	
3687297054	SMP	1	0.00	0.00	0.00	0.00	-1	
3687305881	SMP	1	0.00	0.00	0.00	0.00	-1	
3687313693	SMP	1	0.00	0.00	0.00	0.00	-1	
3687321990	SMP	1	0.00	0.00	0.00	0.00	-1	
3687330303	SMP	1	0.00	0.00	0.00	0.00	-1	
3687339289	SMP	1	0.00	0.00	0.00	0.00	-1	
3687347113	SMP	1	0.00	0.00	0.00	0.00	-1	
3687355332	SMP	1	0.00	0.00	0.00	0.00	-1	
3687363727	SMP	1	0.00	0.00	0.00	0.00	-1	
3687372070	SMP	1	0.00	0.00	0.00	0.00	-1	
3687380362	SMP	1	0.00	0.00	0.00	0.00	-1	
3687388717	SMP	1	0.00	0.00	0.00	0.00	-1	
3687397270	SMP	1	0.00	0.00	0.00	0.00	-1	
3687405473	SMP	1	0.00	0.00	0.00	0.00	-1	
3687413687	SMP	1	0.00	0.00	0.00	0.00	-1	
3687422086	SMP	1	0.00	0.00	0.00	0.00	-1	
3687430460	SMP	1	0.00	0.00	0.00	0.00	-1	
3687438824	SMP	1	0.00	0.00	0.00	0.00	-1	
3687447107	SMP	1	0.00	0.00	0.00	0.00	-1	
3687455440	SMP	1	0.00	0.00	0.00	0.00	-1	
3687463824	SMP	1	0.00	0.00	0.00	0.00	-1	
3687472218	SMP	1	0.00	0.00	0.00	0.00	-1	
3687480488	SMP	1	0.00	0.00	0.00	0.00	-1	
3687488847	SMP	1	0.00	0.00	0.00	0.00	-1	
3687497282	SMP	1	0.00	0.00	0.00	0.00	-1	
3687663560	SMP	1	0.00	0.00	0.00	0.00	-1	
3687713294	SMP	1	0.00	0.00	0.00	0.00	-1	
3687763327	SMP	1	0.00	0.00	0.00	0.00	-1	
3687813741	SMP	1	0.00	0.00	0.00	0.00	-1	
3687863458	SMP	1	0.00	0.00	0.00	0.00	-1	
3687913481	SMP	1	0.00	0.00	0.00	0.00	-1	
3687963464	SMP	1	0.00	0.00	0.00	0.00	-1	
3688013381	SMP	1	0.00	0.00	0.00	0.00	-1	
3688063561	SMP	1	0.00	0.00	0.00	0.00	-1	
3688113530	SMP	1	0.00	0.00	0.00	0.00	-1	
3688163558	SMP	1	0.00	0.00	0.00	0.00	-1	
3688213554	SMP	1	0.00	0.00	0.00	0.00	-1	
3688263670	SMP	1	0.00	0.00	0.00	0.00	-1	
3688314137	SMP	1	0.00	0.00	0.00	0.00	-1	
3688363701	SMP	1	0.00	0.00	0.00	0.00	-1	
3688413644	SMP	1	0.00	0.00	0.00	0.00	-1	
3688463691	SMP	1	0.00	0.00	0.00	0.00	-1	
3688513623	SMP	1	0.00	0.00	0.00	0.00	-1	
3688563791	SMP	1	0.00	0.00	0.00	0.00	-1	
3688636676	SMP	1	0.00	0.00	0.00	0.00	-1	
3688644833	SMP	1	0.00	0.00	0.00	0.00	-1	
3688653268	SMP	1	0.00	0.00	0.00	0.00	-1	
3688661442	SMP	1	0.00	0.00	0.00	0.00	-1	
3688669783	SMP	1	0.00	0.00	0.00	0.00	-1	
3688678181	SMP	1	0.00	0.00	0.00	0.00	-1	
3688686447	SMP	1	0.00	0.00	0.00	0.00	-1	
3688694821	SMP	1	0.00	0.00	0.00	0.00	-1	
3688703162	SMP	1	0.00	0.00	0.00	0.00	-1	
3688711570	SMP	1	0.00	0.00	0.00	0.00	-1	
3688719814	SMP	1	0.00	0.00	0.00	0.00	-1	
3688728158	SMP	1	0.00	0.00	0.00	0.00	-1	
3688736548	SMP	1	0.00	0.00	0.00	0.00	-1	
3688744956	SMP	1	0.00	0.00	0.00	0.00	-1	
3688753162	SMP	1	0.00	0.00	0.00	0.00	-1	
3688761573	SMP	1	0.00	0.00	0.00	0.00	-1	
3688769932	SMP	1	0.00	0.00	0.00	0.00	-1	
3688778345	SMP	1	0.00	0.00	0.00	0.00	-1	
3688786546	SMP	1	0.00	0.00	0.00	0.00	-1	
3688794965	SMP	1	0.00	0.00	0.00	0.00	-1	
3688803296	SMP	1	0.00	0.00	0.00	0.00	-1	
3688811574	SMP	1	0.00	0.00	0.00	0.00	-1	
3688819928	SMP	1	0.00	0.00	0.00	0.00	-1	
3688828324	SMP	1	0.00	0.00	0.00	0.00	-1	
3688836646	SMP	1	0.00	0.00	0.00	0.00	-1	
3688844922	SMP	1	0.00	0.00	0.00	0.00	-1	
3688853251	SMP	1	0.00	0.00	0.00	0.00	-1	
3688861621	SMP	1	0.00	0.00	0.00	0.00	-1	
3688870040	SMP	1	0.00	0.00	0.00	0.00	-1	
3688878349	SMP	1	0.00	0.00	0.00	0.00	-1	
3688886667	SMP	1	0.00	0.00	0.00	0.00	-1	
3688895066	SMP	1	0.00	0.00	0.00	0.00	-1	
3688903425	SMP	1	0.00	0.00	0.00	0.00	-1	
3688911700	SMP	1	0.00	0.00	0.00	0.00	-1	
3688920093	SMP	1	0.00	0.00	0.00	0.00	-1	
3688928416	SMP	1	0.00	0.00	0.00	0.00	-1	
3688936750	SMP	1	0.00	0.00	0.00	0.00	-1	
3688945075	SMP	1	0.00	0.00	0.00	0.00	-1	
3688953427	SMP	1	0.00	0.00	0.00	0.00	-1	
3688961770	SMP	1	0.00	0.00	0.00	0.00	-1	
3688970065	SMP	1	0.00	0.00	0.00	0.00	-1	
3689136545	SMP	1	0.00	0.00	0.00	0.00	-1	
3689209398	SMP	1	0.00	0.00	0.00	0.00	-1	
3689217319	SMP	1	0.00	0.00	0.00	0.00	-1	
3689225643	SMP	1	0.00	0.00	0.00	0.00	-1	
3689233954	SMP	1	0.00	0.00	0.00	0.00	-1	
3689242352	SMP	1	0.00	0.00	0.00	0.00	-1	
3689250686	SMP	1	0.00	0.00	0.00	0.00	-1	
3689258884	SMP	1	0.00	0.00	0.00	0.00	-1	
3689267286	SMP	1	0.00	0.00	0.00	0.00	-1	
3689275686	SMP	1	0.00	0.00	0.00	0.00	-1	
3689284152	SMP	1	0.00	0.00	0.00	0.00	-1	
3689292262	SMP	1	0.00	0.00	0.00	0.00	-1	
3689300684	SMP	1	0.00	0.00	0.00	0.00	-1	
3689309006	SMP	1	0.00	0.00	0.00	0.00	-1	
3689317421	SMP	1	0.00	0.00	0.00	0.00	-1	
3689325686	SMP	1	0.00	0.00	0.00	0.00	-1	
3689334010	SMP	1	0.00	0.00	0.00	0.00	-1	
3689342431	SMP	1	0.00	0.00	0.00	0.00	-1	
3689350793	SMP	1	0.00	0.00	0.00	0.00	-1	
3689359033	SMP	1	0.00	0.00	0.00	0.00	-1	
3689367402	SMP	1	0.00	0.00	0.00	0.00	-1	
3689375796	SMP	1	0.00	0.00	0.00	0.00	-1	
3689384054	SMP	1	0.00	0.00	0.00	0.00	-1	
3689392409	SMP	1	0.00	0.00	0.00	0.00	-1	
3689400811	SMP	1	0.00	0.00	0.00	0.00	-1	
3689409318	SMP	1	0.00	0.00	0.00	0.00	-1	
3689417398	SMP	1	0.00	0.00	0.00	0.00	-1	
3689425808	SMP	1	0.00	0.00	0.00	0.00	-1	
3689434163	SMP	1	0.00	0.00	0.00	0.00	-1	
3689442571	SMP	1	0.00	0.00	0.00	0.00	-1	
3689450813	SMP	1	0.00	0.00	0.00	0.00	-1	
3689459108	SMP	1	0.00	0.00	0.00	0.00	-1	
3689467557	SMP	1	0.00	0.00	0.00	0.00	-1	
3689475912	SMP	1	0.00	0.00	0.00	0.00	-1	
3689484176	SMP	1	0.00	0.00	0.00	0.00	-1	
3689492549	SMP	1	0.00	0.00	0.00	0.00	-1	
3689500934	SMP	1	0.00	0.00	0.00	0.00	-1	
3689509803	SMP	1	0.00	0.00	0.00	0.00	-1	
3689517573	SMP	1	0.00	0.00	0.00	0.00	-1	
3689525845	SMP	1	0.00	0.00	0.00	0.00	-1	
3689534270	SMP	1	0.00	0.00	0.00	0.00	-1	
3689542560	SMP	1	0.00	0.00	0.00	0.00	-1	
3689551004	SMP	1	0.00	0.00	0.00	0.00	-1	
3689559380	SMP	1	0.00	0.00	0.00	0.00	-1	
3689567678	SMP	1	0.00	0.00	0.00	0.00	-1	
3689575916	SMP	1	0.00	0.00	0.00	0.00	-1	
3689584255	SMP	1	0.00	0.00	0.00	0.00	-1	
3689592646	SMP	1	0.00	0.00	0.00	0.00	-1	
3689601025	SMP	1	0.00	0.00	0.00	0.00	-1	
3689609425	SMP	1	0.00	0.00	0.00	0.00	-1	
3689617683	SMP	1	0.00	0.00	0.00	0.00	-1	
3689626007	SMP	1	0.00	0.00	0.00	0.00	-1	
3689634281	SMP	1	0.00	0.00	0.00	0.00	-1	
3689642696	SMP	1	0.00	0.00	0.00	0.00	-1	
3689651042	SMP	1	0.00	0.00	0.00	0.00	-1	
3689659308	SMP	1	0.00	0.00	0.00	0.00	-1	
3689667625	SMP	1	0.00	0.00	0.00	0.00	-1	
3689676059	SMP	1	0.00	0.00	0.00	0.00	-1	
3689684406	SMP	1	0.00	0.00	0.00	0.00	-1	
3689692789	SMP	1	0.00	0.00	0.00	0.00	-1	
3689701072	SMP	1	0.00	0.00	0.00	0.00	-1	
3689709404	SMP	1	0.00	0.00	0.00	0.00	-1	
3689717781	SMP	1	0.00	0.00	0.00	0.00	-1	
3689726164	SMP	1	0.00	0.00	0.00	0.00	-1	
3689734459	SMP	1	0.00	0.00	0.00	0.00	-1	
3689742815	SMP	1	0.00	0.00	0.00	0.00	-1	
3689751170	SMP	1	0.00	0.00	0.00	0.00	-1	
3689759490	SMP	1	0.00	0.00	0.00	0.00	-1	
3689767742	SMP	1	0.00	0.00	0.00	0.00	-1	
3689776151	SMP	1	0.00	0.00	0.00	0.00	-1	
3689784530	SMP	1	0.00	0.00	0.00	0.00	-1	
3689792830	SMP	1	0.00	0.00	0.00	0.00	-1	
3689809522	SMP	1	0.00	0.00	0.00	0.00	-1	
3689817924	SMP	1	0.00	0.00	0.00	0.00	-1	
3689826147	SMP	1	0.00	0.00	0.00	0.00	-1	
3689834544	SMP	1	0.00	0.00	0.00	0.00	-1	
3689842930	SMP	1	0.00	0.00	0.00	0.00	-1	
3689851256	SMP	1	0.00	0.00	0.00	0.00	-1	
3689859503	SMP	1	0.00	0.00	0.00	0.00	-1	
3689867914	SMP	1	0.00	0.00	0.00	0.00	-1	
3689876311	SMP	1	0.00	0.00	0.00	0.00	-1	
3689884667	SMP	1	0.00	0.00	0.00	0.00	-1	
3689892909	SMP	1	0.00	0.00	0.00	0.00	-1	
3689901249	SMP	1	0.00	0.00	0.00	0.00	-1	
3689910404	SMP	1	0.00	0.00	0.00	0.00	-1	
3689917911	SMP	1	0.00	0.00	0.00	0.00	-1	
3689926303	SMP	1	0.00	0.00	0.00	0.00	-1	
3689934646	SMP	1	0.00	0.00	0.00	0.00	-1	
3689943208	SMP	1	0.00	0.00	0.00	0.00	-1	
3689968049	SMP	1	0.00	0.00	0.00	0.00	-1	
3689976429	SMP	1	0.00	0.00	0.00	0.00	-1	
3689984699	SMP	1	0.00	0.00	0.00	0.00	-1	
3689993027	SMP	1	0.00	0.00	0.00	0.00	-1	
3690001404	SMP	1	0.00	0.00	0.00	0.00	-1	
3690009771	SMP	1	0.00	0.00	0.00	0.00	-1	
3690017985	SMP	1	0.00	0.00	0.00	0.00	-1	
3690026401	SMP	1	0.00	0.00	0.00	0.00	-1	
3690034753	SMP	1	0.00	0.00	0.00	0.00	-1	
3690043055	SMP	1	0.00	0.00	0.00	0.00	-1	
3690051406	SMP	1	0.00	0.00	0.00	0.00	-1	
3690059751	SMP	1	0.00	0.00	0.00	0.00	-1	
3690068190	SMP	1	0.00	0.00	0.00	0.00	-1	
3690076986	SMP	1	0.00	0.00	0.00	0.00	-1	
3690084761	SMP	1	0.00	0.00	0.00	0.00	-1	
3690093136	SMP	1	0.00	0.00	0.00	0.00	-1	
3690101546	SMP	1	0.00	0.00	0.00	0.00	-1	
3690109765	SMP	1	0.00	0.00	0.00	0.00	-1	
3690118356	SMP	1	0.00	0.00	0.00	0.00	-1	
3690134908	SMP	1	0.00	0.00	0.00	0.00	-1	
3690143169	SMP	1	0.00	0.00	0.00	0.00	-1	
3690151523	SMP	1	0.00	0.00	0.00	0.00	-1	
3690159905	SMP	1	0.00	0.00	0.00	0.00	-1	
3690168265	SMP	1	0.00	0.00	0.00	0.00	-1	
3690176516	SMP	1	0.00	0.00	0.00	0.00	-1	
3690184855	SMP	1	0.00	0.00	0.00	0.00	-1	
3690193295	SMP	1	0.00	0.00	0.00	0.00	-1	
3690201542	SMP	1	0.00	0.00	0.00	0.00	-1	
3690209892	SMP	1	0.00	0.00	0.00	0.00	-1	
3690218384	SMP	1	0.00	0.00	0.00	0.00	-1	
3690226649	SMP	1	0.00	0.00	0.00	0.00	-1	
3690234942	SMP	1	0.00	0.00	0.00	0.00	-1	
3690243286	SMP	1	0.00	0.00	0.00	0.00	-1	
3690251673	SMP	1	0.00	0.00	0.00	0.00	-1	
3690276653	SMP	1	0.00	0.00	0.00	0.00	-1	
3690285046	SMP	1	0.00	0.00	0.00	0.00	-1	
3690293382	SMP	1	0.00	0.00	0.00	0.00	-1	
3690301614	SMP	1	0.00	0.00	0.00	0.00	-1	
3690310090	SMP	1	0.00	0.00	0.00	0.00	-1	
3690318404	SMP	1	0.00	0.00	0.00	0.00	-1	
3690326646	SMP	1	0.00	0.00	0.00	0.00	-1	
3690335025	SMP	1	0.00	0.00	0.00	0.00	-1	
3690343384	SMP	1	0.00	0.00	0.00	0.00	-1	
3690351729	SMP	1	0.00	0.00	0.00	0.00	-1	
3690359997	SMP	1	0.00	0.00	0.00	0.00	-1	
3690368353	SMP	1	0.00	0.00	0.00	0.00	-1	
3690376773	SMP	1	0.00	0.00	0.00	0.00	-1	
3690385146	SMP	1	0.00	0.00	0.00	0.00	-1	
3690393414	SMP	1	0.00	0.00	0.00	0.00	-1	
3690401755	SMP	1	0.00	0.00	0.00	0.00	-1	
3690410137	SMP	1	0.00	0.00	0.00	0.00	-1	
3690418517	SMP	1	0.00	0.00	0.00	0.00	-1	
3690426761	SMP	1	0.00	0.00	0.00	0.00	-1	
3690435103	SMP	1	0.00	0.00	0.00	0.00	-1	
3690444038	SMP	1	0.00	0.00	0.00	0.00	-1	
3690451786	SMP	1	0.00	0.00	0.00	0.00	-1	
3690460114	SMP	1	0.00	0.00	0.00	0.00	-1	
3690468506	SMP	1	0.00	0.00	0.00	0.00	-1	
3690476886	SMP	1	0.00	0.00	0.00	0.00	-1	
3690485187	SMP	1	0.00	0.00	0.00	0.00	-1	
3690493510	SMP	1	0.00	0.00	0.00	0.00	-1	
3690501953	SMP	1	0.00	0.00	0.00	0.00	-1	
3690510268	SMP	1	0.00	0.00	0.00	0.00	-1	
3690518663	SMP	1	0.00	0.00	0.00	0.00	-1	
3690526893	SMP	1	0.00	0.00	0.00	0.00	-1	
3690535277	SMP	1	0.00	0.00	0.00	0.00	-1	
3690543675	SMP	1	0.00	0.00	0.00	0.00	-1	
3690551883	SMP	1	0.00	0.00	0.00	0.00	-1	
3690560340	SMP	1	0.00	0.00	0.00	0.00	-1	
3690568658	SMP	1	0.00	0.00	0.00	0.00	-1	
3690577064	SMP	1	0.00	0.00	0.00	0.00	-1	
3690585284	SMP	1	0.00	0.00	0.00	0.00	-1	
3690593621	SMP	1	0.00	0.00	0.00	0.00	-1	
3690602019	SMP	1	0.00	0.00	0.00	0.00	-1	
3690610286	SMP	1	0.00	0.00	0.00	0.00	-1	
3690618643	SMP	1	0.00	0.00	0.00	0.00	-1	
3690627067	SMP	1	0.00	0.00	0.00	0.00	-1	
3690635413	SMP	1	0.00	0.00	0.00	0.00	-1	
3690643639	SMP	1	0.00	0.00	0.00	0.00	-1	
3690652027	SMP	1	0.00	0.00	0.00	0.00	-1	
3690660364	SMP	1	0.00	0.00	0.00	0.00	-1	
3690668764	SMP	1	0.00	0.00	0.00	0.00	-1	
3690677458	SMP	1	0.00	0.00	0.00	0.00	-1	
3690685377	SMP	1	0.00	0.00	0.00	0.00	-1	
3690693778	SMP	1	0.00	0.00	0.00	0.00	-1	
3690702115	SMP	1	0.00	0.00	0.00	0.00	-1	
3690711093	SMP	1	0.00	0.00	0.00	0.00	-1	
3690718793	SMP	1	0.00	0.00	0.00	0.00	-1	
3690727141	SMP	1	0.00	0.00	0.00	0.00	-1	
3690735394	SMP	1	0.00	0.00	0.00	0.00	-1	
3690743766	SMP	1	0.00	0.00	0.00	0.00	-1	
3690752122	SMP	1	0.00	0.00	0.00	0.00	-1	
3690760497	SMP	1	0.00	0.00	0.00	0.00	-1	
3690768769	SMP	1	0.00	0.00	0.00	0.00	-1	
3690777193	SMP	1	0.00	0.00	0.00	0.00	-1	
3690785534	SMP	1	0.00	0.00	0.00	0.00	-1	
3690793920	SMP	1	0.00	0.00	0.00	0.00	-1	
3690802118	SMP	1	0.00	0.00	0.00	0.00	-1	
3690810506	SMP	1	0.00	0.00	0.00	0.00	-1	
3690818906	SMP	1	0.00	0.00	0.00	0.00	-1	
3690827256	SMP	1	0.00	0.00	0.00	0.00	-1	
3690835503	SMP	1	0.00	0.00	0.00	0.00	-1	
3690843898	SMP	1	0.00	0.00	0.00	0.00	-1	
3690852251	SMP	1	0.00	0.00	0.00	0.00	-1	
3690860472	SMP	1	0.00	0.00	0.00	0.00	-1	
3690868962	SMP	1	0.00	0.00	0.00	0.00	-1	
3690877279	SMP	1	0.00	0.00	0.00	0.00	-1	
3690885639	SMP	1	0.00	0.00	0.00	0.00	-1	
3690893887	SMP	1	0.00	0.00	0.00	0.00	-1	
3690902230	SMP	1	0.00	0.00	0.00	0.00	-1	
3690910633	SMP	1	0.00	0.00	0.00	0.00	-1	
3690919033	SMP	1	0.00	0.00	0.00	0.00	-1	
3690927262	SMP	1	0.00	0.00	0.00	0.00	-1	
3690935636	SMP	1	0.00	0.00	0.00	0.00	-1	
3690944018	SMP	1	0.00	0.00	0.00	0.00	-1	
3690952525	SMP	1	0.00	0.00	0.00	0.00	-1	
3690960642	SMP	1	0.00	0.00	0.00	0.00	-1	
3690968990	SMP	1	0.00	0.00	0.00	0.00	-1	
3690977382	SMP	1	0.00	0.00	0.00	0.00	-1	
3690985778	SMP	1	0.00	0.00	0.00	0.00	-1	
3690993946	SMP	1	0.00	0.00	0.00	0.00	-1	
3691002404	SMP	1	0.00	0.00	0.00	0.00	-1	
3691010751	SMP	1	0.00	0.00	0.00	0.00	-1	
3691019050	SMP	1	0.00	0.00	0.00	0.00	-1	
3691027382	SMP	1	0.00	0.00	0.00	0.00	-1	
3691035784	SMP	1	0.00	0.00	0.00	0.00	-1	
3691044266	SMP	1	0.00	0.00	0.00	0.00	-1	
3691052375	SMP	1	0.00	0.00	0.00	0.00	-1	
3691060731	SMP	1	0.00	0.00	0.00	0.00	-1	
3691069106	SMP	1	0.00	0.00	0.00	0.00	-1	
3691077582	SMP	1	0.00	0.00	0.00	0.00	-1	
3691085824	SMP	1	0.00	0.00	0.00	0.00	-1	
3691094136	SMP	1	0.00	0.00	0.00	0.00	-1	
3691102488	SMP	1	0.00	0.00	0.00	0.00	-1	
3691111777	SMP	1	0.00	0.00	0.00	0.00	-1	
3691119272	SMP	1	0.00	0.00	0.00	0.00	-1	
3691127517	SMP	1	0.00	0.00	0.00	0.00	-1	
3691135873	SMP	1	0.00	0.00	0.00	0.00	-1	
3691144184	SMP	1	0.00	0.00	0.00	0.00	-1	
3691152499	SMP	1	0.00	0.00	0.00	0.00	-1	
3691160854	SMP	1	0.00	0.00	0.00	0.00	-1	
3691169387	SMP	1	0.00	0.00	0.00	0.00	-1	
3691177524	SMP	1	0.00	0.00	0.00	0.00	-1	
3691185913	SMP	1	0.00	0.00	0.00	0.00	-1	
3691194267	SMP	1	0.00	0.00	0.00	0.00	-1	
3691202650	SMP	1	0.00	0.00	0.00	0.00	-1	
3691210866	SMP	1	0.00	0.00	0.00	0.00	-1	
3691219336	SMP	1	0.00	0.00	0.00	0.00	-1	
3691227635	SMP	1	0.00	0.00	0.00	0.00	-1	
3691236009	SMP	1	0.00	0.00	0.00	0.00	-1	
3691244251	SMP	1	0.00	0.00	0.00	0.00	-1	
3691252644	SMP	1	0.00	0.00	0.00	0.00	-1	
3691261001	SMP	1	0.00	0.00	0.00	0.00	-1	
3691269366	SMP	1	0.00	0.00	0.00	0.00	-1	
3691277601	SMP	1	0.00	0.00	0.00	0.00	-1	
3691286033	SMP	1	0.00	0.00	0.00	0.00	-1	
3691302628	SMP	1	0.00	0.00	0.00	0.00	-1	
3691310997	SMP	1	0.00	0.00	0.00	0.00	-1	
3691319419	SMP	1	0.00	0.00	0.00	0.00	-1	
3691327739	SMP	1	0.00	0.00	0.00	0.00	-1	
3691336019	SMP	1	0.00	0.00	0.00	0.00	-1	
3691344374	SMP	1	0.00	0.00	0.00	0.00	-1	
3691352739	SMP	1	0.00	0.00	0.00	0.00	-1	
3691361142	SMP	1	0.00	0.00	0.00	0.00	-1	
3691386205	SMP	1	0.00	0.00	0.00	0.00	-1	
3691394524	SMP	1	0.00	0.00	0.00	0.00	-1	
3691402766	SMP	1	0.00	0.00	0.00	0.00	-1	
3691411168	SMP	1	0.00	0.00	0.00	0.00	-1	
3691419449	SMP	1	0.00	0.00	0.00	0.00	-1	
3691427758	SMP	1	0.00	0.00	0.00	0.00	-1	
3691436146	SMP	1	0.00	0.00	0.00	0.00	-1	
3691445186	SMP	1	0.00	0.00	0.00	0.00	-1	
3691452856	SMP	1	0.00	0.00	0.00	0.00	-1	
3691461113	SMP	1	0.00	0.00	0.00	0.00	-1	
3691469430	SMP	1	0.00	0.00	0.00	0.00	-1	
3691478034	SMP	1	0.00	0.00	0.00	0.00	-1	
3691486275	SMP	1	0.00	0.00	0.00	0.00	-1	
3691494475	SMP	1	0.00	0.00	0.00	0.00	-1	
3691502856	SMP	1	0.00	0.00	0.00	0.00	-1	
3691511911	SMP	1	0.00	0.00	0.00	0.00	-1	
3691519644	SMP	1	0.00	0.00	0.00	0.00	-1	
3691527855	SMP	1	0.00	0.00	0.00	0.00	-1	
3691536239	SMP	1	0.00	0.00	0.00	0.00	-1	
3691544643	SMP	1	0.00	0.00	0.00	0.00	-1	
3691552858	SMP	1	0.00	0.00	0.00	0.00	-1	
3691561244	SMP	1	0.00	0.00	0.00	0.00	-1	
3691569633	SMP	1	0.00	0.00	0.00	0.00	-1	
3691578007	SMP	1	0.00	0.00	0.00	0.00	-1	
3691586272	SMP	1	0.00	0.00	0.00	0.00	-1	
3691594651	SMP	1	0.00	0.00	0.00	0.00	-1	
3691602975	SMP	1	0.00	0.00	0.00	0.00	-1	
3691611386	SMP	1	0.00	0.00	0.00	0.00	-1	
3691619592	SMP	1	0.00	0.00	0.00	0.00	-1	
3691628020	SMP	1	0.00	0.00	0.00	0.00	-1	
3691636351	SMP	1	0.00	0.00	0.00	0.00	-1	
3691644856	SMP	1	0.00	0.00	0.00	0.00	-1	
3691653013	SMP	1	0.00	0.00	0.00	0.00	-1	
3691661326	SMP	1	0.00	0.00	0.00	0.00	-1	
3691669754	SMP	1	0.00	0.00	0.00	0.00	-1	
3691677993	SMP	1	0.00	0.00	0.00	0.00	-1	
3691686392	SMP	1	0.00	0.00	0.00	0.00	-1	
3691694720	SMP	1	0.00	0.00	0.00	0.00	-1	
3691703178	SMP	1	0.00	0.00	0.00	0.00	-1	
3691711376	SMP	1	0.00	0.00	0.00	0.00	-1	
3691719739	SMP	1	0.00	0.00	0.00	0.00	-1	
3691728136	SMP	1	0.00	0.00	0.00	0.00	-1	
3691736443	SMP	1	0.00	0.00	0.00	0.00	-1	
3691744739	SMP	1	0.00	0.00	0.00	0.00	-1	
3691753117	SMP	1	0.00	0.00	0.00	0.00	-1	
3691761488	SMP	1	0.00	0.00	0.00	0.00	-1	
3691769885	SMP	1	0.00	0.00	0.00	0.00	-1	
3691794892	SMP	1	0.00	0.00	0.00	0.00	-1	
3691803263	SMP	1	0.00	0.00	0.00	0.00	-1	
3691969635	SMP	1	0.00	0.00	0.00	0.00	-1	
3692042697	SMP	1	0.00	0.00	0.00	0.00	-1	
3692050382	SMP	1	0.00	0.00	0.00	0.00	-1	
3692058678	SMP	1	0.00	0.00	0.00	0.00	-1	
3692066981	SMP	1	0.00	0.00	0.00	0.00	-1	
3692075375	SMP	1	0.00	0.00	0.00	0.00	-1	
3692083750	SMP	1	0.00	0.00	0.00	0.00	-1	
3692092080	SMP	1	0.00	0.00	0.00	0.00	-1	
3692108723	SMP	1	0.00	0.00	0.00	0.00	-1	
3692117185	SMP	1	0.00	0.00	0.00	0.00	-1	
3692125407	SMP	1	0.00	0.00	0.00	0.00	-1	
3692133725	SMP	1	0.00	0.00	0.00	0.00	-1	
3692142097	SMP	1	0.00	0.00	0.00	0.00	-1	
3692150497	SMP	1	0.00	0.00	0.00	0.00	-1	
3692158756	SMP	1	0.00	0.00	0.00	0.00	-1	
3692167082	SMP	1	0.00	0.00	0.00	0.00	-1	
3692175501	SMP	1	0.00	0.00	0.00	0.00	-1	
3692183827	SMP	1	0.00	0.00	0.00	0.00	-1	
3692192076	SMP	1	0.00	0.00	0.00	0.00	-1	
3692200477	SMP	1	0.00	0.00	0.00	0.00	-1	
3692209357	SMP	1	0.00	0.00	0.00	0.00	-1	
3692217230	SMP	1	0.00	0.00	0.00	0.00	-1	
3692225509	SMP	1	0.00	0.00	0.00	0.00	-1	
3692233879	SMP	1	0.00	0.00	0.00	0.00	-1	
3692242654	SMP	1	0.00	0.00	0.00	0.00	-1	
3692250486	SMP	1	0.00	0.00	0.00	0.00	-1	
3692258868	SMP	1	0.00	0.00	0.00	0.00	-1	
3692267203	SMP	1	0.00	0.00	0.00	0.00	-1	
3692275603	SMP	1	0.00	0.00	0.00	0.00	-1	
3692283845	SMP	1	0.00	0.00	0.00	0.00	-1	
3692292273	SMP	1	0.00	0.00	0.00	0.00	-1	
3692300596	SMP	1	0.00	0.00	0.00	0.00	-1	
3692309007	SMP	1	0.00	0.00	0.00	0.00	-1	
3692317283	SMP	1	0.00	0.00	0.00	0.00	-1	
3692325651	SMP	1	0.00	0.00	0.00	0.00	-1	
3692333941	SMP	1	0.00	0.00	0.00	0.00	-1	
3692342375	SMP	1	0.00	0.00	0.00	0.00	-1	
3692350579	SMP	1	0.00	0.00	0.00	0.00	-1	
3692358967	SMP	1	0.00	0.00	0.00	0.00	-1	
3692367356	SMP	1	0.00	0.00	0.00	0.00	-1	
3692375587	SMP	1	0.00	0.00	0.00	0.00	-1	
3692383959	SMP	1	0.00	0.00	0.00	0.00	-1	
3692392381	SMP	1	0.00	0.00	0.00	0.00	-1	
3692400699	SMP	1	0.00	0.00	0.00	0.00	-1	
3692409593	SMP	1	0.00	0.00	0.00	0.00	-1	
3692417352	SMP	1	0.00	0.00	0.00	0.00	-1	
3692425826	SMP	1	0.00	0.00	0.00	0.00	-1	
3692434041	SMP	1	0.00	0.00	0.00	0.00	-1	
3692442805	SMP	1	0.00	0.00	0.00	0.00	-1	
3692450729	SMP	1	0.00	0.00	0.00	0.00	-1	
3692459148	SMP	1	0.00	0.00	0.00	0.00	-1	
3692467572	SMP	1	0.00	0.00	0.00	0.00	-1	
3692476337	SMP	1	0.00	0.00	0.00	0.00	-1	
3692484226	SMP	1	0.00	0.00	0.00	0.00	-1	
3692492446	SMP	1	0.00	0.00	0.00	0.00	-1	
3692500862	SMP	1	0.00	0.00	0.00	0.00	-1	
3692509152	SMP	1	0.00	0.00	0.00	0.00	-1	
3692517485	SMP	1	0.00	0.00	0.00	0.00	-1	
3692525853	SMP	1	0.00	0.00	0.00	0.00	-1	
3692534113	SMP	1	0.00	0.00	0.00	0.00	-1	
3692542478	SMP	1	0.00	0.00	0.00	0.00	-1	
3692550908	SMP	1	0.00	0.00	0.00	0.00	-1	
3692559314	SMP	1	0.00	0.00	0.00	0.00	-1	
3692567467	SMP	1	0.00	0.00	0.00	0.00	-1	
3692575821	SMP	1	0.00	0.00	0.00	0.00	-1	
3692584228	SMP	1	0.00	0.00	0.00	0.00	-1	
3692592565	SMP	1	0.00	0.00	0.00	0.00	-1	
3692600823	SMP	1	0.00	0.00	0.00	0.00	-1	
3692609757	SMP	1	0.00	0.00	0.00	0.00	-1	
3692617566	SMP	1	0.00	0.00	0.00	0.00	-1	
3692625977	SMP	1	0.00	0.00	0.00	0.00	-1	
3692634226	SMP	1	0.00	0.00	0.00	0.00	-1	
3692642968	SMP	1	0.00	0.00	0.00	0.00	-1	
3692650974	SMP	1	0.00	0.00	0.00	0.00	-1	
3692659241	SMP	1	0.00	0.00	0.00	0.00	-1	
3692667597	SMP	1	0.00	0.00	0.00	0.00	-1	
3692676011	SMP	1	0.00	0.00	0.00	0.00	-1	
3692684208	SMP	1	0.00	0.00	0.00	0.00	-1	
3692692595	SMP	1	0.00	0.00	0.00	0.00	-1	
3692700944	SMP	1	0.00	0.00	0.00	0.00	-1	
3692709354	SMP	1	0.00	0.00	0.00	0.00	-1	
3692717623	SMP	1	0.00	0.00	0.00	0.00	-1	
3692725971	SMP	1	0.00	0.00	0.00	0.00	-1	
3692734329	SMP	1	0.00	0.00	0.00	0.00	-1	
3692742693	SMP	1	0.00	0.00	0.00	0.00	-1	
3692751084	SMP	1	0.00	0.00	0.00	0.00	-1	
3692759359	SMP	1	0.00	0.00	0.00	0.00	-1	
3692767694	SMP	1	0.00	0.00	0.00	0.00	-1	
3692776653	SMP	1	0.00	0.00	0.00	0.00	-1	
3692784473	SMP	1	0.00	0.00	0.00	0.00	-1	
3692792707	SMP	1	0.00	0.00	0.00	0.00	-1	
3692801048	SMP	1	0.00	0.00	0.00	0.00	-1	
3692809454	SMP	1	0.00	0.00	0.00	0.00	-1	
3692817731	SMP	1	0.00	0.00	0.00	0.00	-1	
3692826109	SMP	1	0.00	0.00	0.00	0.00	-1	
3692834446	SMP	1	0.00	0.00	0.00	0.00	-1	
3692843137	SMP	1	0.00	0.00	0.00	0.00	-1	
3692851094	SMP	1	0.00	0.00	0.00	0.00	-1	
3692859436	SMP	1	0.00	0.00	0.00	0.00	-1	
3692867811	SMP	1	0.00	0.00	0.00	0.00	-1	
3692876703	SMP	1	0.00	0.00	0.00	0.00	-1	
3692884490	SMP	1	0.00	0.00	0.00	0.00	-1	
3692892818	SMP	1	0.00	0.00	0.00	0.00	-1	
3692901165	SMP	1	0.00	0.00	0.00	0.00	-1	
3692909578	SMP	1	0.00	0.00	0.00	0.00	-1	
3692917928	SMP	1	0.00	0.00	0.00	0.00	-1	
3692926234	SMP	1	0.00	0.00	0.00	0.00	-1	
3692951273	SMP	1	0.00	0.00	0.00	0.00	-1	
3692959606	SMP	1	0.00	0.00	0.00	0.00	-1	
3692967974	SMP	1	0.00	0.00	0.00	0.00	-1	
3692976229	SMP	1	0.00	0.00	0.00	0.00	-1	
3692984584	SMP	1	0.00	0.00	0.00	0.00	-1	
3692992908	SMP	1	0.00	0.00	0.00	0.00	-1	
3693001355	SMP	1	0.00	0.00	0.00	0.00	-1	
3693009548	SMP	1	0.00	0.00	0.00	0.00	-1	
3693017951	SMP	1	0.00	0.00	0.00	0.00	-1	
3693026304	SMP	1	0.00	0.00	0.00	0.00	-1	
3693034721	SMP	1	0.00	0.00	0.00	0.00	-1	
3693043237	SMP	1	0.00	0.00	0.00	0.00	-1	
3693051342	SMP	1	0.00	0.00	0.00	0.00	-1	
3693059672	SMP	1	0.00	0.00	0.00	0.00	-1	
3693067929	SMP	1	0.00	0.00	0.00	0.00	-1	
3693076630	SMP	1	0.00	0.00	0.00	0.00	-1	
3693084708	SMP	1	0.00	0.00	0.00	0.00	-1	
3693093094	SMP	1	0.00	0.00	0.00	0.00	-1	
3693101346	SMP	1	0.00	0.00	0.00	0.00	-1	
3693109722	SMP	1	0.00	0.00	0.00	0.00	-1	
3693118102	SMP	1	0.00	0.00	0.00	0.00	-1	
3693126482	SMP	1	0.00	0.00	0.00	0.00	-1	
3693134701	SMP	1	0.00	0.00	0.00	0.00	-1	
3693143070	SMP	1	0.00	0.00	0.00	0.00	-1	
3693151452	SMP	1	0.00	0.00	0.00	0.00	-1	
3693159825	SMP	1	0.00	0.00	0.00	0.00	-1	
3693168170	SMP	1	0.00	0.00	0.00	0.00	-1	
3693176458	SMP	1	0.00	0.00	0.00	0.00	-1	
3693184839	SMP	1	0.00	0.00	0.00	0.00	-1	
3693193099	SMP	1	0.00	0.00	0.00	0.00	-1	
3693201432	SMP	1	0.00	0.00	0.00	0.00	-1	
3693209858	SMP	1	0.00	0.00	0.00	0.00	-1	
3693218220	SMP	1	0.00	0.00	0.00	0.00	-1	
3693226486	SMP	1	0.00	0.00	0.00	0.00	-1	
3693234830	SMP	1	0.00	0.00	0.00	0.00	-1	
3693243467	SMP	1	0.00	0.00	0.00	0.00	-1	
3693251597	SMP	1	0.00	0.00	0.00	0.00	-1	
3693259863	SMP	1	0.00	0.00	0.00	0.00	-1	
3693268188	SMP	1	0.00	0.00	0.00	0.00	-1	
3693276581	SMP	1	0.00	0.00	0.00	0.00	-1	
3693284948	SMP	1	0.00	0.00	0.00	0.00	-1	
3693293195	SMP	1	0.00	0.00	0.00	0.00	-1	
3693318483	SMP	1	0.00	0.00	0.00	0.00	-1	
3693326599	SMP	1	0.00	0.00	0.00	0.00	-1	
3693334963	SMP	1	0.00	0.00	0.00	0.00	-1	
3693343336	SMP	1	0.00	0.00	0.00	0.00	-1	
3693351671	SMP	1	0.00	0.00	0.00	0.00	-1	
3693359961	SMP	1	0.00	0.00	0.00	0.00	-1	
3693368261	SMP	1	0.00	0.00	0.00	0.00	-1	
3693376701	SMP	1	0.00	0.00	0.00	0.00	-1	
3693384965	SMP	1	0.00	0.00	0.00	0.00	-1	
3693393340	SMP	1	0.00	0.00	0.00	0.00	-1	
3693401757	SMP	1	0.00	0.00	0.00	0.00	-1	
3693410112	SMP	1	0.00	0.00	0.00	0.00	-1	
3693418322	SMP	1	0.00	0.00	0.00	0.00	-1	
3693426714	SMP	1	0.00	0.00	0.00	0.00	-1	
3693435102	SMP	1	0.00	0.00	0.00	0.00	-1	
3693443440	SMP	1	0.00	0.00	0.00	0.00	-1	
3693451720	SMP	1	0.00	0.00	0.00	0.00	-1	
3693460203	SMP	1	0.00	0.00	0.00	0.00	-1	
3693468426	SMP	1	0.00	0.00	0.00	0.00	-1	
3693476713	SMP	1	0.00	0.00	0.00	0.00	-1	
3693485106	SMP	1	0.00	0.00	0.00	0.00	-1	
3693493448	SMP	1	0.00	0.00	0.00	0.00	-1	
3693501827	SMP	1	0.00	0.00	0.00	0.00	-1	
3693510121	SMP	1	0.00	0.00	0.00	0.00	-1	
3693518485	SMP	1	0.00	0.00	0.00	0.00	-1	
3693543438	SMP	1	0.00	0.00	0.00	0.00	-1	
3693551821	SMP	1	0.00	0.00	0.00	0.00	-1	
3693560206	SMP	1	0.00	0.00	0.00	0.00	-1	
3693568557	SMP	1	0.00	0.00	0.00	0.00	-1	
3693576811	SMP	1	0.00	0.00	0.00	0.00	-1	
3693585224	SMP	1	0.00	0.00	0.00	0.00	-1	
3693593601	SMP	1	0.00	0.00	0.00	0.00	-1	
3693601912	SMP	1	0.00	0.00	0.00	0.00	-1	
3693610504	SMP	1	0.00	0.00	0.00	0.00	-1	
3693618576	SMP	1	0.00	0.00	0.00	0.00	-1	
3693626964	SMP	1	0.00	0.00	0.00	0.00	-1	
3693635178	SMP	1	0.00	0.00	0.00	0.00	-1	
3693643574	SMP	1	0.00	0.00	0.00	0.00	-1	
3693652054	SMP	1	0.00	0.00	0.00	0.00	-1	
3693660289	SMP	1	0.00	0.00	0.00	0.00	-1	
3693668622	SMP	1	0.00	0.00	0.00	0.00	-1	
3693843457	SMP	1	0.00	0.00	0.00	0.00	-1	
3693893143	SMP	1	0.00	0.00	0.00	0.00	-1	
3693943280	SMP	1	0.00	0.00	0.00	0.00	-1	
3693993216	SMP	1	0.00	0.00	0.00	0.00	-1	
3694043221	SMP	1	0.00	0.00	0.00	0.00	-1	
3694093191	SMP	1	0.00	0.00	0.00	0.00	-1	
3694143190	SMP	1	0.00	0.00	0.00	0.00	-1	
3694193271	SMP	1	0.00	0.00	0.00	0.00	-1	
3694243498	SMP	1	0.00	0.00	0.00	0.00	-1	
3694293305	SMP	1	0.00	0.00	0.00	0.00	-1	
3694343401	SMP	1	0.00	0.00	0.00	0.00	-1	
3694393437	SMP	1	0.00	0.00	0.00	0.00	-1	
3694443508	SMP	1	0.00	0.00	0.00	0.00	-1	
3694493442	SMP	1	0.00	0.00	0.00	0.00	-1	
3694543414	SMP	1	0.00	0.00	0.00	0.00	-1	
3694593404	SMP	1	0.00	0.00	0.00	0.00	-1	
3694643632	SMP	1	0.00	0.00	0.00	0.00	-1	
3694693552	SMP	1	0.00	0.00	0.00	0.00	-1	
3694743783	SMP	1	0.00	0.00	0.00	0.00	-1	
3694793549	SMP	1	0.00	0.00	0.00	0.00	-1	
3694843643	SMP	1	0.00	0.00	0.00	0.00	-1	
3694893524	SMP	1	0.00	0.00	0.00	0.00	-1	
3694943840	SMP	1	0.00	0.00	0.00	0.00	-1	
3694993672	SMP	1	0.00	0.00	0.00	0.00	-1	
3695043749	SMP	1	0.00	0.00	0.00	0.00	-1	
3695093646	SMP	1	0.00	0.00	0.00	0.00	-1	
3695143809	SMP	1	0.00	0.00	0.00	0.00	-1	
3695193818	SMP	1	0.00	0.00	0.00	0.00	-1	
3695266666	SMP	1	0.00	0.00	0.00	0.00	-1	
3695274814	SMP	1	0.00	0.00	0.00	0.00	-1	
3695283195	SMP	1	0.00	0.00	0.00	0.00	-1	
3695291405	SMP	1	0.00	0.00	0.00	0.00	-1	
3695299766	SMP	1	0.00	0.00	0.00	0.00	-1	
3695308217	SMP	1	0.00	0.00	0.00	0.00	-1	
3695317128	SMP	1	0.00	0.00	0.00	0.00	-1	
3695324816	SMP	1	0.00	0.00	0.00	0.00	-1	
3695333089	SMP	1	0.00	0.00	0.00	0.00	-1	
3695341505	SMP	1	0.00	0.00	0.00	0.00	-1	
3695349906	SMP	1	0.00	0.00	0.00	0.00	-1	
3695358251	SMP	1	0.00	0.00	0.00	0.00	-1	
3695366537	SMP	1	0.00	0.00	0.00	0.00	-1	
3695374943	SMP	1	0.00	0.00	0.00	0.00	-1	
3695383504	SMP	1	0.00	0.00	0.00	0.00	-1	
3695408268	SMP	1	0.00	0.00	0.00	0.00	-1	
3695416545	SMP	1	0.00	0.00	0.00	0.00	-1	
3695424878	SMP	1	0.00	0.00	0.00	0.00	-1	
3695433287	SMP	1	0.00	0.00	0.00	0.00	-1	
3695458280	SMP	1	0.00	0.00	0.00	0.00	-1	
3695466673	SMP	1	0.00	0.00	0.00	0.00	-1	
3695475018	SMP	1	0.00	0.00	0.00	0.00	-1	
3695483304	SMP	1	0.00	0.00	0.00	0.00	-1	
3695491628	SMP	1	0.00	0.00	0.00	0.00	-1	
3695500029	SMP	1	0.00	0.00	0.00	0.00	-1	
3695508279	SMP	1	0.00	0.00	0.00	0.00	-1	
3695516676	SMP	1	0.00	0.00	0.00	0.00	-1	
3695525126	SMP	1	0.00	0.00	0.00	0.00	-1	
3695533381	SMP	1	0.00	0.00	0.00	0.00	-1	
3695541646	SMP	1	0.00	0.00	0.00	0.00	-1	
3695550043	SMP	1	0.00	0.00	0.00	0.00	-1	
3695559078	SMP	1	0.00	0.00	0.00	0.00	-1	
3695566802	SMP	1	0.00	0.00	0.00	0.00	-1	
3695583441	SMP	1	0.00	0.00	0.00	0.00	-1	
3695591776	SMP	1	0.00	0.00	0.00	0.00	-1	
3695600158	SMP	1	0.00	0.00	0.00	0.00	-1	
3695608424	SMP	1	0.00	0.00	0.00	0.00	-1	
3695616771	SMP	1	0.00	0.00	0.00	0.00	-1	
3695625156	SMP	1	0.00	0.00	0.00	0.00	-1	
3695633498	SMP	1	0.00	0.00	0.00	0.00	-1	
3695641781	SMP	1	0.00	0.00	0.00	0.00	-1	
3695650175	SMP	1	0.00	0.00	0.00	0.00	-1	
3695658545	SMP	1	0.00	0.00	0.00	0.00	-1	
3695666769	SMP	1	0.00	0.00	0.00	0.00	-1	
3695675177	SMP	1	0.00	0.00	0.00	0.00	-1	
3695683548	SMP	1	0.00	0.00	0.00	0.00	-1	
3695691907	SMP	1	0.00	0.00	0.00	0.00	-1	
3695700152	SMP	1	0.00	0.00	0.00	0.00	-1	
3695708547	SMP	1	0.00	0.00	0.00	0.00	-1	
3695716938	SMP	1	0.00	0.00	0.00	0.00	-1	
3695725297	SMP	1	0.00	0.00	0.00	0.00	-1	
3695733509	SMP	1	0.00	0.00	0.00	0.00	-1	
3695741861	SMP	1	0.00	0.00	0.00	0.00	-1	
3695750288	SMP	1	0.00	0.00	0.00	0.00	-1	
3695758678	SMP	1	0.00	0.00	0.00	0.00	-1	
3695766905	SMP	1	0.00	0.00	0.00	0.00	-1	
3695775303	SMP	1	0.00	0.00	0.00	0.00	-1	
3695783646	SMP	1	0.00	0.00	0.00	0.00	-1	
3695791913	SMP	1	0.00	0.00	0.00	0.00	-1	
3695800248	SMP	1	0.00	0.00	0.00	0.00	-1	
3695808652	SMP	1	0.00	0.00	0.00	0.00	-1	
3695817042	SMP	1	0.00	0.00	0.00	0.00	-1	
3695825274	SMP	1	0.00	0.00	0.00	0.00	-1	
3695833682	SMP	1	0.00	0.00	0.00	0.00	-1	
3695842041	SMP	1	0.00	0.00	0.00	0.00	-1	
3695850407	SMP	1	0.00	0.00	0.00	0.00	-1	
3695858662	SMP	1	0.00	0.00	0.00	0.00	-1	
3695866993	SMP	1	0.00	0.00	0.00	0.00	-1	
3695875412	SMP	1	0.00	0.00	0.00	0.00	-1	
3695883791	SMP	1	0.00	0.00	0.00	0.00	-1	
3695892042	SMP	1	0.00	0.00	0.00	0.00	-1	
3695900405	SMP	1	0.00	0.00	0.00	0.00	-1	
3695908780	SMP	1	0.00	0.00	0.00	0.00	-1	
3695916999	SMP	1	0.00	0.00	0.00	0.00	-1	
3695925426	SMP	1	0.00	0.00	0.00	0.00	-1	
3695933721	SMP	1	0.00	0.00	0.00	0.00	-1	
3695942152	SMP	1	0.00	0.00	0.00	0.00	-1	
3695950414	SMP	1	0.00	0.00	0.00	0.00	-1	
3695958802	SMP	1	0.00	0.00	0.00	0.00	-1	
3695967148	SMP	1	0.00	0.00	0.00	0.00	-1	
3695975542	SMP	1	0.00	0.00	0.00	0.00	-1	
3695983765	SMP	1	0.00	0.00	0.00	0.00	-1	
3695992148	SMP	1	0.00	0.00	0.00	0.00	-1	
3696000525	SMP	1	0.00	0.00	0.00	0.00	-1	
3696008887	SMP	1	0.00	0.00	0.00	0.00	-1	
3696017269	SMP	1	0.00	0.00	0.00	0.00	-1	
3696025511	SMP	1	0.00	0.00	0.00	0.00	-1	
3696033871	SMP	1	0.00	0.00	0.00	0.00	-1	
3696042152	SMP	1	0.00	0.00	0.00	0.00	-1	
3696050548	SMP	1	0.00	0.00	0.00	0.00	-1	
3696058895	SMP	1	0.00	0.00	0.00	0.00	-1	
3696067277	SMP	1	0.00	0.00	0.00	0.00	-1	
3696075650	SMP	1	0.00	0.00	0.00	0.00	-1	
3696083927	SMP	1	0.00	0.00	0.00	0.00	-1	
3696092287	SMP	1	0.00	0.00	0.00	0.00	-1	
3696100620	SMP	1	0.00	0.00	0.00	0.00	-1	
3696108904	SMP	1	0.00	0.00	0.00	0.00	-1	
3696117299	SMP	1	0.00	0.00	0.00	0.00	-1	
3696125670	SMP	1	0.00	0.00	0.00	0.00	-1	
3696133992	SMP	1	0.00	0.00	0.00	0.00	-1	
3696142238	SMP	1	0.00	0.00	0.00	0.00	-1	
3696150650	SMP	1	0.00	0.00	0.00	0.00	-1	
3696159058	SMP	1	0.00	0.00	0.00	0.00	-1	
3696184022	SMP	1	0.00	0.00	0.00	0.00	-1	
3696192398	SMP	1	0.00	0.00	0.00	0.00	-1	
3696200623	SMP	1	0.00	0.00	0.00	0.00	-1	
3696209172	SMP	1	0.00	0.00	0.00	0.00	-1	
3696217401	SMP	1	0.00	0.00	0.00	0.00	-1	
3696225766	SMP	1	0.00	0.00	0.00	0.00	-1	
3696233984	SMP	1	0.00	0.00	0.00	0.00	-1	
3696242364	SMP	1	0.00	0.00	0.00	0.00	-1	
3696250780	SMP	1	0.00	0.00	0.00	0.00	-1	
3696259222	SMP	1	0.00	0.00	0.00	0.00	-1	
3696267401	SMP	1	0.00	0.00	0.00	0.00	-1	
3696275779	SMP	1	0.00	0.00	0.00	0.00	-1	
3696284110	SMP	1	0.00	0.00	0.00	0.00	-1	
3696300780	SMP	1	0.00	0.00	0.00	0.00	-1	
3696309156	SMP	1	0.00	0.00	0.00	0.00	-1	
3696317497	SMP	1	0.00	0.00	0.00	0.00	-1	
3696325748	SMP	1	0.00	0.00	0.00	0.00	-1	
3696334135	SMP	1	0.00	0.00	0.00	0.00	-1	
3696342496	SMP	1	0.00	0.00	0.00	0.00	-1	
3696350913	SMP	1	0.00	0.00	0.00	0.00	-1	
3696359242	SMP	1	0.00	0.00	0.00	0.00	-1	
3696367535	SMP	1	0.00	0.00	0.00	0.00	-1	
3696375881	SMP	1	0.00	0.00	0.00	0.00	-1	
3696384276	SMP	1	0.00	0.00	0.00	0.00	-1	
3696392515	SMP	1	0.00	0.00	0.00	0.00	-1	
3696400903	SMP	1	0.00	0.00	0.00	0.00	-1	
3696409215	SMP	1	0.00	0.00	0.00	0.00	-1	
3696417659	SMP	1	0.00	0.00	0.00	0.00	-1	
3696425843	SMP	1	0.00	0.00	0.00	0.00	-1	
3696434231	SMP	1	0.00	0.00	0.00	0.00	-1	
3696442643	SMP	1	0.00	0.00	0.00	0.00	-1	
3696451151	SMP	1	0.00	0.00	0.00	0.00	-1	
3696459246	SMP	1	0.00	0.00	0.00	0.00	-1	
3696467662	SMP	1	0.00	0.00	0.00	0.00	-1	
3696492624	SMP	1	0.00	0.00	0.00	0.00	-1	
3696501100	SMP	1	0.00	0.00	0.00	0.00	-1	
3696509305	SMP	1	0.00	0.00	0.00	0.00	-1	
3696518102	SMP	1	0.00	0.00	0.00	0.00	-1	
3696526034	SMP	1	0.00	0.00	0.00	0.00	-1	
3696534338	SMP	1	0.00	0.00	0.00	0.00	-1	
3696542736	SMP	1	0.00	0.00	0.00	0.00	-1	
3696551144	SMP	1	0.00	0.00	0.00	0.00	-1	
3696559368	SMP	1	0.00	0.00	0.00	0.00	-1	
3696567733	SMP	1	0.00	0.00	0.00	0.00	-1	
3696576137	SMP	1	0.00	0.00	0.00	0.00	-1	
3696592786	SMP	1	0.00	0.00	0.00	0.00	-1	
3696601122	SMP	1	0.00	0.00	0.00	0.00	-1	
3696609328	SMP	1	0.00	0.00	0.00	0.00	-1	
3696617814	SMP	1	0.00	0.00	0.00	0.00	-1	
3696626097	SMP	1	0.00	0.00	0.00	0.00	-1	
3696634534	SMP	1	0.00	0.00	0.00	0.00	-1	
3696642834	SMP	1	0.00	0.00	0.00	0.00	-1	
3696651128	SMP	1	0.00	0.00	0.00	0.00	-1	
3696659532	SMP	1	0.00	0.00	0.00	0.00	-1	
3696667889	SMP	1	0.00	0.00	0.00	0.00	-1	
3696676215	SMP	1	0.00	0.00	0.00	0.00	-1	
3696684546	SMP	1	0.00	0.00	0.00	0.00	-1	
3696692920	SMP	1	0.00	0.00	0.00	0.00	-1	
3696701230	SMP	1	0.00	0.00	0.00	0.00	-1	
3696709534	SMP	1	0.00	0.00	0.00	0.00	-1	
3696717865	SMP	1	0.00	0.00	0.00	0.00	-1	
3696726238	SMP	1	0.00	0.00	0.00	0.00	-1	
3696734468	SMP	1	0.00	0.00	0.00	0.00	-1	
3696901057	SMP	1	0.00	0.00	0.00	0.00	-1	
3696951404	SMP	1	0.00	0.00	0.00	0.00	-1	
3697000717	SMP	1	0.00	0.00	0.00	0.00	-1	
3697050695	SMP	1	0.00	0.00	0.00	0.00	-1	
3697100722	SMP	1	0.00	0.00	0.00	0.00	-1	
3697150883	SMP	1	0.00	0.00	0.00	0.00	-1	
3697200897	SMP	1	0.00	0.00	0.00	0.00	-1	
3697250846	SMP	1	0.00	0.00	0.00	0.00	-1	
3697300852	SMP	1	0.00	0.00	0.00	0.00	-1	
3697351246	SMP	1	0.00	0.00	0.00	0.00	-1	
3697401005	SMP	1	0.00	0.00	0.00	0.00	-1	
3697450923	SMP	1	0.00	0.00	0.00	0.00	-1	
3697500998	SMP	1	0.00	0.00	0.00	0.00	-1	
3697550978	SMP	1	0.00	0.00	0.00	0.00	-1	
3697601017	SMP	1	0.00	0.00	0.00	0.00	-1	
3697651057	SMP	1	0.00	0.00	0.00	0.00	-1	
3697701442	SMP	1	0.00	0.00	0.00	0.00	-1	
3697752194	SMP	1	0.00	0.00	0.00	0.00	-1	
3697801170	SMP	1	0.00	0.00	0.00	0.00	-1	
3697851759	SMP	1	0.00	0.00	0.00	0.00	-1	
3697901204	SMP	1	0.00	0.00	0.00	0.00	-1	
3697953212	SMP	1	0.00	0.00	0.00	0.00	-1	
3698001223	SMP	1	0.00	0.00	0.00	0.00	-1	
3698051279	SMP	1	0.00	0.00	0.00	0.00	-1	
3698101172	SMP	1	0.00	0.00	0.00	0.00	-1	
3698152226	SMP	1	0.00	0.00	0.00	0.00	-1	
3698201562	SMP	1	0.00	0.00	0.00	0.00	-1	
3698251520	SMP	1	0.00	0.00	0.00	0.00	-1	
3698301300	SMP	1	0.00	0.00	0.00	0.00	-1	
3698351731	SMP	1	0.00	0.00	0.00	0.00	-1	
3698401491	SMP	1	0.00	0.00	0.00	0.00	-1	
3698451623	SMP	1	0.00	0.00	0.00	0.00	-1	
3698501486	SMP	1	0.00	0.00	0.00	0.00	-1	
3698552295	SMP	1	0.00	0.00	0.00	0.00	-1	
3698601485	SMP	1	0.00	0.00	0.00	0.00	-1	
3698651651	SMP	1	0.00	0.00	0.00	0.00	-1	
3698701607	SMP	1	0.00	0.00	0.00	0.00	-1	
3698751538	SMP	1	0.00	0.00	0.00	0.00	-1	
3698801621	SMP	1	0.00	0.00	0.00	0.00	-1	
3698852231	SMP	1	0.00	0.00	0.00	0.00	-1	
3698901796	SMP	1	0.00	0.00	0.00	0.00	-1	
3698951739	SMP	1	0.00	0.00	0.00	0.00	-1	
3699001735	SMP	1	0.00	0.00	0.00	0.00	-1	
3699051953	SMP	1	0.00	0.00	0.00	0.00	-1	
3699101690	SMP	1	0.00	0.00	0.00	0.00	-1	
3699151762	SMP	1	0.00	0.00	0.00	0.00	-1	
3699202106	SMP	1	0.00	0.00	0.00	0.00	-1	
3699251769	SMP	1	0.00	0.00	0.00	0.00	-1	
3699301804	SMP	1	0.00	0.00	0.00	0.00	-1	
3699352576	SMP	1	0.00	0.00	0.00	0.00	-1	
3699402036	SMP	1	0.00	0.00	0.00	0.00	-1	
3699451896	SMP	1	0.00	0.00	0.00	0.00	-1	
3699501941	SMP	1	0.00	0.00	0.00	0.00	-1	
3699552438	SMP	1	0.00	0.00	0.00	0.00	-1	
3699601916	SMP	1	0.00	0.00	0.00	0.00	-1	
3699653160	SMP	1	0.00	0.00	0.00	0.00	-1	
3699702045	SMP	1	0.00	0.00	0.00	0.00	-1	
3699825069	SMP	1	0.00	0.00	0.00	0.00	-1	
3699833079	SMP	1	0.00	0.00	0.00	0.00	-1	
3699841461	SMP	1	0.00	0.00	0.00	0.00	-1	
3699849856	SMP	1	0.00	0.00	0.00	0.00	-1	
3699858184	SMP	1	0.00	0.00	0.00	0.00	-1	
3699866442	SMP	1	0.00	0.00	0.00	0.00	-1	
3699874790	SMP	1	0.00	0.00	0.00	0.00	-1	
3699883428	SMP	1	0.00	0.00	0.00	0.00	-1	
3699891577	SMP	1	0.00	0.00	0.00	0.00	-1	
3699899798	SMP	1	0.00	0.00	0.00	0.00	-1	
3699908258	SMP	1	0.00	0.00	0.00	0.00	-1	
3699916575	SMP	1	0.00	0.00	0.00	0.00	-1	
3699924836	SMP	1	0.00	0.00	0.00	0.00	-1	
3699933143	SMP	1	0.00	0.00	0.00	0.00	-1	
3699941534	SMP	1	0.00	0.00	0.00	0.00	-1	
3699949905	SMP	1	0.00	0.00	0.00	0.00	-1	
3699958211	SMP	1	0.00	0.00	0.00	0.00	-1	
3699966585	SMP	1	0.00	0.00	0.00	0.00	-1	
3699974963	SMP	1	0.00	0.00	0.00	0.00	-1	
3699983318	SMP	1	0.00	0.00	0.00	0.00	-1	
3699991565	SMP	1	0.00	0.00	0.00	0.00	-1	
3699999965	SMP	1	0.00	0.00	0.00	0.00	-1	
3700008279	SMP	1	0.00	0.00	0.00	0.00	-1	
3700017252	SMP	1	0.00	0.00	0.00	0.00	-1	
3700024956	SMP	1	0.00	0.00	0.00	0.00	-1	
3700033314	SMP	1	0.00	0.00	0.00	0.00	-1	
3700041713	SMP	1	0.00	0.00	0.00	0.00	-1	
3700050006	SMP	1	0.00	0.00	0.00	0.00	-1	
3700058331	SMP	1	0.00	0.00	0.00	0.00	-1	
3700066671	SMP	1	0.00	0.00	0.00	0.00	-1	
3700075086	SMP	1	0.00	0.00	0.00	0.00	-1	
3700083343	SMP	1	0.00	0.00	0.00	0.00	-1	
3700091699	SMP	1	0.00	0.00	0.00	0.00	-1	
3700100026	SMP	1	0.00	0.00	0.00	0.00	-1	
3700108414	SMP	1	0.00	0.00	0.00	0.00	-1	
3700274818	SMP	1	0.00	0.00	0.00	0.00	-1	
3700324561	SMP	1	0.00	0.00	0.00	0.00	-1	
3700374542	SMP	1	0.00	0.00	0.00	0.00	-1	
3700424556	SMP	1	0.00	0.00	0.00	0.00	-1	
3700474566	SMP	1	0.00	0.00	0.00	0.00	-1	
3700547511	SMP	1	0.00	0.00	0.00	0.00	-1	
3700555671	SMP	1	0.00	0.00	0.00	0.00	-1	
3700564053	SMP	1	0.00	0.00	0.00	0.00	-1	
3700572272	SMP	1	0.00	0.00	0.00	0.00	-1	
3700580665	SMP	1	0.00	0.00	0.00	0.00	-1	
3700589093	SMP	1	0.00	0.00	0.00	0.00	-1	
3700597295	SMP	1	0.00	0.00	0.00	0.00	-1	
3700605785	SMP	1	0.00	0.00	0.00	0.00	-1	
3700614153	SMP	1	0.00	0.00	0.00	0.00	-1	
3700622402	SMP	1	0.00	0.00	0.00	0.00	-1	
3700630742	SMP	1	0.00	0.00	0.00	0.00	-1	
3700639138	SMP	1	0.00	0.00	0.00	0.00	-1	
3700647398	SMP	1	0.00	0.00	0.00	0.00	-1	
3700655828	SMP	1	0.00	0.00	0.00	0.00	-1	
3700664006	SMP	1	0.00	0.00	0.00	0.00	-1	
3700672451	SMP	1	0.00	0.00	0.00	0.00	-1	
3700680824	SMP	1	0.00	0.00	0.00	0.00	-1	
3700689170	SMP	1	0.00	0.00	0.00	0.00	-1	
3700697405	SMP	1	0.00	0.00	0.00	0.00	-1	
3700705758	SMP	1	0.00	0.00	0.00	0.00	-1	
3700714183	SMP	1	0.00	0.00	0.00	0.00	-1	
3700722454	SMP	1	0.00	0.00	0.00	0.00	-1	
3700730887	SMP	1	0.00	0.00	0.00	0.00	-1	
3700739163	SMP	1	0.00	0.00	0.00	0.00	-1	
3700747545	SMP	1	0.00	0.00	0.00	0.00	-1	
3700755812	SMP	1	0.00	0.00	0.00	0.00	-1	
3700764194	SMP	1	0.00	0.00	0.00	0.00	-1	
3700772510	SMP	1	0.00	0.00	0.00	0.00	-1	
3700780927	SMP	1	0.00	0.00	0.00	0.00	-1	
3700789146	SMP	1	0.00	0.00	0.00	0.00	-1	
3700797575	SMP	1	0.00	0.00	0.00	0.00	-1	
3700805938	SMP	1	0.00	0.00	0.00	0.00	-1	
3700814305	SMP	1	0.00	0.00	0.00	0.00	-1	
3700822530	SMP	1	0.00	0.00	0.00	0.00	-1	
3700830907	SMP	1	0.00	0.00	0.00	0.00	-1	
3700839307	SMP	1	0.00	0.00	0.00	0.00	-1	
3700847556	SMP	1	0.00	0.00	0.00	0.00	-1	
3700855944	SMP	1	0.00	0.00	0.00	0.00	-1	
3700864378	SMP	1	0.00	0.00	0.00	0.00	-1	
3700872678	SMP	1	0.00	0.00	0.00	0.00	-1	
3700880966	SMP	1	0.00	0.00	0.00	0.00	-1	
3701048149	SMP	1	0.00	0.00	0.00	0.00	-1	
3701097141	SMP	1	0.00	0.00	0.00	0.00	-1	
3701147157	SMP	1	0.00	0.00	0.00	0.00	-1	
3701197164	SMP	1	0.00	0.00	0.00	0.00	-1	
3701247528	SMP	1	0.00	0.00	0.00	0.00	-1	
3701297256	SMP	1	0.00	0.00	0.00	0.00	-1	
3701347260	SMP	1	0.00	0.00	0.00	0.00	-1	
3701397458	SMP	1	0.00	0.00	0.00	0.00	-1	
3701447272	SMP	1	0.00	0.00	0.00	0.00	-1	
3701497305	SMP	1	0.00	0.00	0.00	0.00	-1	
3701547369	SMP	1	0.00	0.00	0.00	0.00	-1	
3701597429	SMP	1	0.00	0.00	0.00	0.00	-1	
3701647414	SMP	1	0.00	0.00	0.00	0.00	-1	
3701697371	SMP	1	0.00	0.00	0.00	0.00	-1	
3701747545	SMP	1	0.00	0.00	0.00	0.00	-1	
3701797740	SMP	1	0.00	0.00	0.00	0.00	-1	
3701847525	SMP	1	0.00	0.00	0.00	0.00	-1	
3701897484	SMP	1	0.00	0.00	0.00	0.00	-1	
3701947509	SMP	1	0.00	0.00	0.00	0.00	-1	
3701998113	SMP	1	0.00	0.00	0.00	0.00	-1	
3702047631	SMP	1	0.00	0.00	0.00	0.00	-1	
3702097652	SMP	1	0.00	0.00	0.00	0.00	-1	
3702147660	SMP	1	0.00	0.00	0.00	0.00	-1	
3702197755	SMP	1	0.00	0.00	0.00	0.00	-1	
3702247743	SMP	1	0.00	0.00	0.00	0.00	-1	
3702297752	SMP	1	0.00	0.00	0.00	0.00	-1	
3702347760	SMP	1	0.00	0.00	0.00	0.00	-1	
3702397787	SMP	1	0.00	0.00	0.00	0.00	-1	
3702447748	SMP	1	0.00	0.00	0.00	0.00	-1	
3702497991	SMP	1	0.00	0.00	0.00	0.00	-1	
3702548080	SMP	1	0.00	0.00	0.00	0.00	-1	
3702598129	SMP	1	0.00	0.00	0.00	0.00	-1	
3702647992	SMP	1	0.00	0.00	0.00	0.00	-1	
3702697803	SMP	1	0.00	0.00	0.00	0.00	-1	
3702748273	SMP	1	0.00	0.00	0.00	0.00	-1	
3702798017	SMP	1	0.00	0.00	0.00	0.00	-1	
3702848025	SMP	1	0.00	0.00	0.00	0.00	-1	
3702897925	SMP	1	0.00	0.00	0.00	0.00	-1	
3702948362	SMP	1	0.00	0.00	0.00	0.00	-1	
3702998278	SMP	1	0.00	0.00	0.00	0.00	-1	
3703048123	SMP	1	0.00	0.00	0.00	0.00	-1	
3703098133	SMP	1	0.00	0.00	0.00	0.00	-1	
3703148241	SMP	1	0.00	0.00	0.00	0.00	-1	
3703198144	SMP	1	0.00	0.00	0.00	0.00	-1	
3703248217	SMP	1	0.00	0.00	0.00	0.00	-1	
3703298413	SMP	1	0.00	0.00	0.00	0.00	-1	
3703348479	SMP	1	0.00	0.00	0.00	0.00	-1	
3703398219	SMP	1	0.00	0.00	0.00	0.00	-1	
3703448248	SMP	1	0.00	0.00	0.00	0.00	-1	
3703499070	SMP	1	0.00	0.00	0.00	0.00	-1	
3703548347	SMP	1	0.00	0.00	0.00	0.00	-1	
3703598392	SMP	1	0.00	0.00	0.00	0.00	-1	
3703648493	SMP	1	0.00	0.00	0.00	0.00	-1	
3703698380	SMP	1	0.00	0.00	0.00	0.00	-1	
3703748639	SMP	1	0.00	0.00	0.00	0.00	-1	
3703798567	SMP	1	0.00	0.00	0.00	0.00	-1	
3703848477	SMP	1	0.00	0.00	0.00	0.00	-1	
3703898460	SMP	1	0.00	0.00	0.00	0.00	-1	
3703948909	SMP	1	0.00	0.00	0.00	0.00	-1	
3703998426	SMP	1	0.00	0.00	0.00	0.00	-1	
3704048549	SMP	1	0.00	0.00	0.00	0.00	-1	
3704098597	SMP	1	0.00	0.00	0.00	0.00	-1	
3704149133	SMP	1	0.00	0.00	0.00	0.00	-1	
3704198839	SMP	1	0.00	0.00	0.00	0.00	-1	
3704248699	SMP	1	0.00	0.00	0.00	0.00	-1	
3704298696	SMP	1	0.00	0.00	0.00	0.00	-1	
3704348698	SMP	1	0.00	0.00	0.00	0.00	-1	
3704398718	SMP	1	0.00	0.00	0.00	0.00	-1	
3704448719	SMP	1	0.00	0.00	0.00	0.00	-1	
3704498721	SMP	1	0.00	0.00	0.00	0.00	-1	
3704549068	SMP	1	0.00	0.00	0.00	0.00	-1	
3704598948	SMP	1	0.00	0.00	0.00	0.00	-1	
3704648966	SMP	1	0.00	0.00	0.00	0.00	-1	
3704698835	SMP	1	0.00	0.00	0.00	0.00	-1	
3704748948	SMP	1	0.00	0.00	0.00	0.00	-1	
3704799368	SMP	1	0.00	0.00	0.00	0.00	-1	
3704849099	SMP	1	0.00	0.00	0.00	0.00	-1	
3704898950	SMP	1	0.00	0.00	0.00	0.00	-1	
