## [iView]
## Converted from:	F:\transfer\to convert\negtracker5_2\020313_10-eye_data.idf
## Date:	03.02.2013 23:25:21
## Version:	IDF Converter 3.0.16
## IDF Version:	9
## Sample Rate:	120
## Separator Type:	Msg
## Trial Count:	1
## Uses Plane File:	False
## Number of Samples:	1311                                                                                                                                                                                                                                                            
## Reversed:	none
## [Run]
## Subject:	020313_10-eye_data                                                                                                                                                                                                                                              
## Description:	                                                                                                                                                                                                                                                                
## [Calibration]
## Calibration Type:	2-point
## Calibration Area:	1680	1050
## Calibration Point 0:	Position(335;210)
## Calibration Point 1:	Position(1343;840)
## [Geometry]
## Stimulus Dimension [mm]:	474	297
## Head Distance [mm]:	700
## [Hardware Setup]
## System ID:	IVR-X-1040-05197-SMU
## Operating System :	5.1
## iView X Version:	2.7.13
## [Filter Settings]
## Heuristic:	False
## Heuristic Stage:	0
## Bilateral:	True
## Gaze Cursor Filter:	True
## Saccade Length [px]:	80
## Filter Depth [ms]:	20
## Format:	LEFT, RIGHT, POR, MSG, FRAMECOUNTER
## 
Time	Type	Trial	L POR X [px]	L POR Y [px]	R POR X [px]	R POR Y [px]	Frame	Aux1
4418769780	SMP	1	1018.08	369.28	1018.08	369.28	-1	
4418778113	SMP	1	1013.90	363.42	1013.90	363.42	-1	
4418786435	SMP	1	1022.03	356.69	1022.03	356.69	-1	
4418794720	SMP	1	1010.77	369.51	1010.77	369.51	-1	
4418803111	SMP	1	1016.34	379.81	1016.34	379.81	-1	
4418811348	SMP	1	1016.28	364.25	1016.28	364.25	-1	
4418819721	SMP	1	1011.83	364.09	1011.83	364.09	-1	
4418828090	SMP	1	1016.02	361.55	1016.02	361.55	-1	
4418836470	SMP	1	1027.14	356.96	1027.14	356.96	-1	
4418844712	SMP	1	1014.77	358.66	1014.77	358.66	-1	
4418853102	SMP	1	1020.80	355.53	1020.80	355.53	-1	
4418861456	SMP	1	1019.51	352.58	1019.51	352.58	-1	
4418869846	SMP	1	1017.33	359.43	1017.33	359.43	-1	
4418878082	SMP	1	1014.74	352.43	1014.74	352.43	-1	
4418886474	SMP	1	1016.64	370.42	1016.64	370.42	-1	
4418894834	SMP	1	1032.16	368.67	1032.16	368.67	-1	
4418903234	SMP	1	1022.53	356.74	1022.53	356.74	-1	
4418911521	SMP	1	1023.99	351.75	1023.99	351.75	-1	
4418919894	SMP	1	1024.22	352.20	1024.22	352.20	-1	
4418928234	SMP	1	1019.69	365.50	1019.69	365.50	-1	
4418936461	SMP	1	1037.05	358.36	1037.05	358.36	-1	
4418944881	SMP	1	1060.20	340.55	1060.20	340.55	-1	
4418953255	SMP	1	1112.87	350.66	1112.87	350.66	-1	
4418961618	SMP	1	1052.72	339.88	1052.72	339.88	-1	
4418969869	SMP	1	1051.51	334.02	1051.51	334.02	-1	
4418978248	SMP	1	1062.91	335.85	1062.91	335.85	-1	
4418986620	SMP	1	1065.52	328.45	1065.52	328.45	-1	
4418994984	SMP	1	1043.12	334.91	1043.12	334.91	-1	
4419003252	SMP	1	1047.38	354.57	1047.38	354.57	-1	
4419011605	SMP	1	1048.69	337.36	1048.69	337.36	-1	
4419019998	SMP	1	1080.99	331.59	1080.99	331.59	-1	
4419028372	SMP	1	1054.86	326.46	1054.86	326.46	-1	
4419036616	SMP	1	1071.65	326.79	1071.65	326.79	-1	
4419044971	SMP	1	1066.97	319.92	1066.97	319.92	-1	
4419053347	SMP	1	1026.14	340.92	1026.14	340.92	-1	
4419061573	SMP	1	1061.52	329.62	1061.52	329.62	-1	
4419069953	SMP	1	1061.06	327.69	1061.06	327.69	-1	
4419078321	SMP	1	1047.87	338.48	1047.87	338.48	-1	
4419086701	SMP	1	1049.85	321.44	1049.85	321.44	-1	
4419094945	SMP	1	1044.73	319.09	1044.73	319.09	-1	
4419103346	SMP	1	1043.75	353.25	1043.75	353.25	-1	
4419111705	SMP	1	1043.08	322.97	1043.08	322.97	-1	
4419120084	SMP	1	1104.33	328.30	1104.33	328.30	-1	
4419128323	SMP	1	1037.46	344.56	1037.46	344.56	-1	
4419136703	SMP	1	1033.85	367.51	1033.85	367.51	-1	
4419145068	SMP	1	1034.61	377.30	1034.61	377.30	-1	
4419153455	SMP	1	1047.64	373.18	1047.64	373.18	-1	
4419161695	SMP	1	1042.78	355.76	1042.78	355.76	-1	
4419170076	SMP	1	1043.20	337.28	1043.20	337.28	-1	
4419178439	SMP	1	1038.78	383.72	1038.78	383.72	-1	
4419186700	SMP	1	1027.31	351.27	1027.31	351.27	-1	
4419195086	SMP	1	1035.96	343.31	1035.96	343.31	-1	
4419203450	SMP	1	1029.01	339.61	1029.01	339.61	-1	
4419211844	SMP	1	1031.41	343.43	1031.41	343.43	-1	
4419220074	SMP	1	1033.83	395.39	1033.83	395.39	-1	
4419228450	SMP	1	1039.70	326.86	1039.70	326.86	-1	
4419236821	SMP	1	1059.35	344.08	1059.35	344.08	-1	
4419245196	SMP	1	1042.99	403.05	1042.99	403.05	-1	
4419253445	SMP	1	1031.93	373.26	1031.93	373.26	-1	
4419261838	SMP	1	1037.84	351.56	1037.84	351.56	-1	
4419270298	SMP	1	1017.96	384.60	1017.96	384.60	-1	
4419278616	SMP	1	1093.51	346.05	1093.51	346.05	-1	
4419286926	SMP	1	1027.34	345.95	1027.34	345.95	-1	
4419295295	SMP	1	1023.71	364.21	1023.71	364.21	-1	
4419303607	SMP	1	1092.44	394.05	1092.44	394.05	-1	
4419311989	SMP	1	1022.94	353.71	1022.94	353.71	-1	
4419320235	SMP	1	1044.74	350.58	1044.74	350.58	-1	
4419328637	SMP	1	1042.04	350.68	1042.04	350.68	-1	
4419336991	SMP	1	1026.91	349.04	1026.91	349.04	-1	
4419345249	SMP	1	1026.87	344.40	1026.87	344.40	-1	
4419353621	SMP	1	1079.02	337.30	1079.02	337.30	-1	
4419361986	SMP	1	1075.83	338.34	1075.83	338.34	-1	
4419370365	SMP	1	1042.77	331.44	1042.77	331.44	-1	
4419378612	SMP	1	1024.72	336.82	1024.72	336.82	-1	
4419386996	SMP	1	1035.45	336.61	1035.45	336.61	-1	
4419395313	SMP	1	1038.78	334.88	1038.78	334.88	-1	
4419403743	SMP	1	1035.36	339.56	1035.36	339.56	-1	
4419411984	SMP	1	1075.95	333.63	1075.95	333.63	-1	
4419420328	SMP	1	1030.40	363.50	1030.40	363.50	-1	
4419428741	SMP	1	1029.51	349.98	1029.51	349.98	-1	
4419437113	SMP	1	1055.63	356.88	1055.63	356.88	-1	
4419445364	SMP	1	1046.12	384.68	1046.12	384.68	-1	
4419453738	SMP	1	1038.65	385.95	1038.65	385.95	-1	
4419462108	SMP	1	1124.10	338.65	1124.10	338.65	-1	
4419470360	SMP	1	1108.30	390.38	1108.30	390.38	-1	
4419478736	SMP	1	1054.46	371.38	1054.46	371.38	-1	
4419487131	SMP	1	1071.88	414.06	1071.88	414.06	-1	
4419495483	SMP	1	1112.15	403.70	1112.15	403.70	-1	
4419503744	SMP	1	1062.22	479.82	1062.22	479.82	-1	
4419512154	SMP	1	1063.04	422.27	1063.04	422.27	-1	
4419520475	SMP	1	1064.50	489.71	1064.50	489.71	-1	
4419528862	SMP	1	1060.39	482.24	1060.39	482.24	-1	
4419537096	SMP	1	1051.43	440.56	1051.43	440.56	-1	
4419545483	SMP	1	1062.93	464.21	1062.93	464.21	-1	
4419553866	SMP	1	989.99	508.37	989.99	508.37	-1	
4419562232	SMP	1	1163.71	455.73	1163.71	455.73	-1	
4419570485	SMP	1	1387.58	334.71	1387.58	334.71	-1	
4419578861	SMP	1	1346.00	331.89	1346.00	331.89	-1	
4419587230	SMP	1	1091.02	457.13	1091.02	457.13	-1	
4419595484	SMP	1	1063.97	457.60	1063.97	457.60	-1	
4419603863	SMP	1	1050.00	468.59	1050.00	468.59	-1	
4419612262	SMP	1	1046.39	463.24	1046.39	463.24	-1	
4419620610	SMP	1	1050.24	461.50	1050.24	461.50	-1	
4419628912	SMP	1	1092.17	456.81	1092.17	456.81	-1	
4419637223	SMP	1	1075.93	459.17	1075.93	459.17	-1	
4419645658	SMP	1	1072.92	460.36	1072.92	460.36	-1	
4419654019	SMP	1	1068.22	460.54	1068.22	460.54	-1	
4419662270	SMP	1	1064.13	461.56	1064.13	461.56	-1	
4419670635	SMP	1	1059.13	452.25	1059.13	452.25	-1	
4419679030	SMP	1	1066.89	459.80	1066.89	459.80	-1	
4419687387	SMP	1	1073.85	458.36	1073.85	458.36	-1	
4419695643	SMP	1	1074.29	456.84	1074.29	456.84	-1	
4419704007	SMP	1	1081.12	454.06	1081.12	454.06	-1	
4419712364	SMP	1	1105.17	424.56	1105.17	424.56	-1	
4419720713	SMP	1	1160.83	436.50	1160.83	436.50	-1	
4419728993	SMP	1	1155.17	406.27	1155.17	406.27	-1	
4419737360	SMP	1	1149.06	399.78	1149.06	399.78	-1	
4419745734	SMP	1	1153.88	355.19	1153.88	355.19	-1	
4419753984	SMP	1	1166.45	432.60	1166.45	432.60	-1	
4419762362	SMP	1	1150.15	432.41	1150.15	432.41	-1	
4419770732	SMP	1	1092.22	437.06	1092.22	437.06	-1	
4419779123	SMP	1	1140.55	407.72	1140.55	407.72	-1	
4419787317	SMP	1	1258.46	395.90	1258.46	395.90	-1	
4419795745	SMP	1	1132.99	402.43	1132.99	402.43	-1	
4419804119	SMP	1	1116.14	423.74	1116.14	423.74	-1	
4419812478	SMP	1	1270.61	420.59	1270.61	420.59	-1	
4419820760	SMP	1	1103.69	422.79	1103.69	422.79	-1	
4419829153	SMP	1	1138.65	402.26	1138.65	402.26	-1	
4419837531	SMP	1	1093.68	415.81	1093.68	415.81	-1	
4420242029	MSG	1	# Message: elmo_duck1.avi
4420246236	SMP	1	1129.15	421.37	1129.15	421.37	-1	
4420254655	SMP	1	1129.23	408.11	1129.23	408.11	-1	
4420262865	SMP	1	1130.41	424.65	1130.41	424.65	-1	
4420271265	SMP	1	1127.72	414.65	1127.72	414.65	-1	
4420279615	SMP	1	1125.57	416.50	1125.57	416.50	-1	
4420287853	SMP	1	1123.73	428.51	1123.73	428.51	-1	
4420296493	SMP	1	1125.93	432.80	1125.93	432.80	-1	
4420304988	SMP	1	1122.39	433.61	1122.39	433.61	-1	
4420313009	SMP	1	1120.61	426.62	1120.61	426.62	-1	
4420321209	SMP	1	1132.77	433.55	1132.77	433.55	-1	
4420329640	SMP	1	1126.49	428.19	1126.49	428.19	-1	
4420338006	SMP	1	1152.66	433.78	1152.66	433.78	-1	
4420346452	SMP	1	1154.79	431.18	1154.79	431.18	-1	
4420354595	SMP	1	1152.02	427.55	1152.02	427.55	-1	
4420363009	SMP	1	1119.25	434.47	1119.25	434.47	-1	
4420371324	SMP	1	1151.99	434.00	1151.99	434.00	-1	
4420379792	SMP	1	1136.29	434.47	1136.29	434.47	-1	
4420388028	SMP	1	1129.28	433.06	1129.28	433.06	-1	
4420396405	SMP	1	1133.51	432.70	1133.51	432.70	-1	
4420404736	SMP	1	1140.82	434.64	1140.82	434.64	-1	
4420413005	SMP	1	1135.45	433.67	1135.45	433.67	-1	
4420421393	SMP	1	1128.73	437.26	1128.73	437.26	-1	
4420429738	SMP	1	1148.55	436.52	1148.55	436.52	-1	
4420438082	SMP	1	1139.25	435.48	1139.25	435.48	-1	
4420446401	SMP	1	1133.30	438.73	1133.30	438.73	-1	
4420454771	SMP	1	1136.82	430.10	1136.82	430.10	-1	
4420463132	SMP	1	1152.79	426.40	1152.79	426.40	-1	
4420471480	SMP	1	1142.30	433.51	1142.30	433.51	-1	
4420479769	SMP	1	1128.22	429.44	1128.22	429.44	-1	
4420488137	SMP	1	1149.30	431.86	1149.30	431.86	-1	
4420496532	SMP	1	1101.32	429.35	1101.32	429.35	-1	
4420504887	SMP	1	990.72	460.37	990.72	460.37	-1	
4420513147	SMP	1	980.33	506.72	980.33	506.72	-1	
4420521510	SMP	1	861.93	591.33	861.93	591.33	-1	
4420529884	SMP	1	791.31	611.04	791.31	611.04	-1	
4420538129	SMP	1	742.02	650.15	742.02	650.15	-1	
4420546485	SMP	1	691.49	677.09	691.49	677.09	-1	
4420554862	SMP	1	644.81	749.65	644.81	749.65	-1	
4420563226	SMP	1	679.45	740.65	679.45	740.65	-1	
4420571531	SMP	1	739.73	702.42	739.73	702.42	-1	
4420579896	SMP	1	651.77	730.43	651.77	730.43	-1	
4420588229	SMP	1	646.00	741.46	646.00	741.46	-1	
4420596563	SMP	1	638.84	744.15	638.84	744.15	-1	
4420604833	SMP	1	634.65	749.81	634.65	749.81	-1	
4420613239	SMP	1	631.43	754.19	631.43	754.19	-1	
4420621629	SMP	1	628.19	749.70	628.19	749.70	-1	
4420630001	SMP	1	630.25	757.97	630.25	757.97	-1	
4420638235	SMP	1	628.48	755.09	628.48	755.09	-1	
4420646608	SMP	1	626.35	752.67	626.35	752.67	-1	
4420655028	SMP	1	624.38	758.47	624.38	758.47	-1	
4420663383	SMP	1	627.26	760.93	627.26	760.93	-1	
4420671632	SMP	1	623.11	761.22	623.11	761.22	-1	
4420680008	SMP	1	627.25	759.43	627.25	759.43	-1	
4420688344	SMP	1	626.73	761.34	626.73	761.34	-1	
4420696620	SMP	1	625.62	761.44	625.62	761.44	-1	
4420705006	SMP	1	627.29	765.33	627.29	765.33	-1	
4420713382	SMP	1	628.11	776.27	628.11	776.27	-1	
4420721769	SMP	1	624.84	775.75	624.84	775.75	-1	
4420730043	SMP	1	629.88	750.21	629.88	750.21	-1	
4420738370	SMP	1	624.75	776.75	624.75	776.75	-1	
4420746742	SMP	1	623.36	767.97	623.36	767.97	-1	
4420755194	SMP	1	620.25	772.69	620.25	772.69	-1	
4420763300	SMP	1	620.94	775.93	620.94	775.93	-1	
4420771750	SMP	1	621.67	781.24	621.67	781.24	-1	
4420780250	SMP	1	621.21	771.44	621.21	771.44	-1	
4420788470	SMP	1	621.21	769.19	621.21	769.19	-1	
4420796748	SMP	1	621.90	759.80	621.90	759.80	-1	
4420805098	SMP	1	619.78	767.38	619.78	767.38	-1	
4420813531	SMP	1	629.14	758.05	629.14	758.05	-1	
4420821722	SMP	1	624.53	762.74	624.53	762.74	-1	
4420830121	SMP	1	623.68	763.74	623.68	763.74	-1	
4420838481	SMP	1	623.64	765.76	623.64	765.76	-1	
4420846877	SMP	1	638.87	750.11	638.87	750.11	-1	
4420855368	SMP	1	690.49	745.52	690.49	745.52	-1	
4420863497	SMP	1	718.73	716.83	718.73	716.83	-1	
4420871843	SMP	1	755.17	679.86	755.17	679.86	-1	
4420880257	SMP	1	758.99	696.58	758.99	696.58	-1	
4420888637	SMP	1	741.34	696.22	741.34	696.22	-1	
4420896842	SMP	1	752.94	658.29	752.94	658.29	-1	
4420905206	SMP	1	757.06	665.66	757.06	665.66	-1	
4420913651	SMP	1	759.67	660.04	759.67	660.04	-1	
4420921858	SMP	1	750.24	669.56	750.24	669.56	-1	
4420930219	SMP	1	761.52	662.48	761.52	662.48	-1	
4420938600	SMP	1	760.73	688.79	760.73	688.79	-1	
4420946846	SMP	1	756.98	676.42	756.98	676.42	-1	
4420955341	SMP	1	762.02	685.98	762.02	685.98	-1	
4420963581	SMP	1	757.57	687.19	757.57	687.19	-1	
4420972012	SMP	1	759.24	662.37	759.24	662.37	-1	
4420980236	SMP	1	757.60	661.86	757.60	661.86	-1	
4420988645	SMP	1	761.58	666.33	761.58	666.33	-1	
4420996961	SMP	1	758.39	681.83	758.39	681.83	-1	
4421005355	SMP	1	763.85	659.51	763.85	659.51	-1	
4421013625	SMP	1	769.67	677.59	769.67	677.59	-1	
4421022008	SMP	1	764.99	654.57	764.99	654.57	-1	
4421030365	SMP	1	763.71	683.89	763.71	683.89	-1	
4421038710	SMP	1	763.81	672.04	763.81	672.04	-1	
4421046963	SMP	1	768.04	647.34	768.04	647.34	-1	
4421055442	SMP	1	712.68	659.94	712.68	659.94	-1	
4421063747	SMP	1	773.53	663.30	773.53	663.30	-1	
4421072091	SMP	1	714.65	644.55	714.65	644.55	-1	
4421080358	SMP	1	765.84	646.57	765.84	646.57	-1	
4421088722	SMP	1	697.04	663.17	697.04	663.17	-1	
4421097118	SMP	1	778.13	639.37	778.13	639.37	-1	
4421105345	SMP	1	768.68	643.41	768.68	643.41	-1	
4421113753	SMP	1	776.53	656.74	776.53	656.74	-1	
4421122144	SMP	1	690.92	645.88	690.92	645.88	-1	
4421130491	SMP	1	819.98	392.98	819.98	392.98	-1	
4421138754	SMP	1	809.56	637.12	809.56	637.12	-1	
4421147096	SMP	1	940.51	349.70	940.51	349.70	-1	
4421155434	SMP	1	890.30	463.66	890.30	463.66	-1	
4421163837	SMP	1	833.65	377.06	833.65	377.06	-1	
4421172104	SMP	1	860.94	455.56	860.94	455.56	-1	
4421180516	SMP	1	796.20	624.57	796.20	624.57	-1	
4421188833	SMP	1	792.66	638.35	792.66	638.35	-1	
4421197217	SMP	1	804.36	617.98	804.36	617.98	-1	
4421205423	SMP	1	797.62	632.30	797.62	632.30	-1	
4421213838	SMP	1	789.77	632.83	789.77	632.83	-1	
4421222275	SMP	1	785.50	608.66	785.50	608.66	-1	
4421230470	SMP	1	783.89	606.77	783.89	606.77	-1	
4421238837	SMP	1	782.57	596.24	782.57	596.24	-1	
4421247235	SMP	1	787.23	601.47	787.23	601.47	-1	
4421255626	SMP	1	786.30	612.20	786.30	612.20	-1	
4421263863	SMP	1	784.89	608.59	784.89	608.59	-1	
4421272255	SMP	1	786.64	623.04	786.64	623.04	-1	
4421280624	SMP	1	789.73	614.21	789.73	614.21	-1	
4421289042	SMP	1	791.64	615.00	791.64	615.00	-1	
4421297241	SMP	1	798.12	635.80	798.12	635.80	-1	
4421305586	SMP	1	792.60	607.00	792.60	607.00	-1	
4421314008	SMP	1	796.40	623.54	796.40	623.54	-1	
4421322416	SMP	1	812.26	617.77	812.26	617.77	-1	
4421330595	SMP	1	797.63	617.89	797.63	617.89	-1	
4421338984	SMP	1	801.71	614.54	801.71	614.54	-1	
4421347335	SMP	1	798.92	614.95	798.92	614.95	-1	
4421355608	SMP	1	1003.02	610.19	1003.02	610.19	-1	
4421363963	SMP	1	804.91	602.68	804.91	602.68	-1	
4421372372	SMP	1	801.15	609.65	801.15	609.65	-1	
4421380766	SMP	1	798.61	608.63	798.61	608.63	-1	
4421388993	SMP	1	803.12	621.53	803.12	621.53	-1	
4421397347	SMP	1	789.50	605.48	789.50	605.48	-1	
4421405719	SMP	1	857.59	592.00	857.59	592.00	-1	
4421414110	SMP	1	794.64	597.19	794.64	597.19	-1	
4421422389	SMP	1	838.05	590.77	838.05	590.77	-1	
4421430698	SMP	1	807.59	586.47	807.59	586.47	-1	
4421439127	SMP	1	802.65	583.82	802.65	583.82	-1	
4421447479	SMP	1	795.21	602.86	795.21	602.86	-1	
4421455757	SMP	1	864.84	582.39	864.84	582.39	-1	
4421464093	SMP	1	782.33	587.35	782.33	587.35	-1	
4421472502	SMP	1	635.88	470.48	635.88	470.48	-1	
4421480745	SMP	1	790.73	595.52	790.73	595.52	-1	
4421489094	SMP	1	1075.66	570.29	1075.66	570.29	-1	
4421497491	SMP	1	799.11	598.79	799.11	598.79	-1	
4421505837	SMP	1	793.31	596.94	793.31	596.94	-1	
4421514089	SMP	1	796.35	577.43	796.35	577.43	-1	
4421522505	SMP	1	788.07	581.16	788.07	581.16	-1	
4421530854	SMP	1	785.68	608.13	785.68	608.13	-1	
4421539245	SMP	1	780.82	612.87	780.82	612.87	-1	
4421547489	SMP	1	776.53	619.02	776.53	619.02	-1	
4421555848	SMP	1	779.21	613.46	779.21	613.46	-1	
4421564212	SMP	1	779.17	629.04	779.17	629.04	-1	
4421572579	SMP	1	775.24	624.24	775.24	624.24	-1	
4421580868	SMP	1	775.62	598.95	775.62	598.95	-1	
4421589257	SMP	1	775.41	610.21	775.41	610.21	-1	
4421597581	SMP	1	781.30	612.33	781.30	612.33	-1	
4421605973	SMP	1	775.65	610.37	775.65	610.37	-1	
4421614241	SMP	1	773.71	617.84	773.71	617.84	-1	
4421622624	SMP	1	771.96	612.50	771.96	612.50	-1	
4421630969	SMP	1	772.54	612.67	772.54	612.67	-1	
4421639347	SMP	1	773.03	609.63	773.03	609.63	-1	
4421647665	SMP	1	771.22	605.84	771.22	605.84	-1	
4421655980	SMP	1	772.75	608.61	772.75	608.61	-1	
4421664367	SMP	1	772.65	607.28	772.65	607.28	-1	
4421672630	SMP	1	772.96	609.15	772.96	609.15	-1	
4421680984	SMP	1	772.69	611.51	772.69	611.51	-1	
4421689349	SMP	1	771.12	606.44	771.12	606.44	-1	
4421697708	SMP	1	772.51	605.71	772.51	605.71	-1	
4421706041	SMP	1	775.71	601.52	775.71	601.52	-1	
4421714359	SMP	1	777.55	603.92	777.55	603.92	-1	
4421722751	SMP	1	778.41	603.53	778.41	603.53	-1	
4421731096	SMP	1	778.56	600.25	778.56	600.25	-1	
4421739342	SMP	1	778.36	600.85	778.36	600.85	-1	
4421747736	SMP	1	777.14	595.18	777.14	595.18	-1	
4421756095	SMP	1	779.75	587.72	779.75	587.72	-1	
4421764311	SMP	1	781.04	591.32	781.04	591.32	-1	
4421772727	SMP	1	780.94	590.61	780.94	590.61	-1	
4421781113	SMP	1	783.05	594.57	783.05	594.57	-1	
4421789459	SMP	1	782.82	592.95	782.82	592.95	-1	
4421797715	SMP	1	781.90	594.68	781.90	594.68	-1	
4421806080	SMP	1	782.94	592.47	782.94	592.47	-1	
4421814487	SMP	1	780.49	593.47	780.49	593.47	-1	
4421822846	SMP	1	785.88	593.97	785.88	593.97	-1	
4421831116	SMP	1	788.78	594.09	788.78	594.09	-1	
4421839471	SMP	1	788.87	595.73	788.87	595.73	-1	
4421847855	SMP	1	793.24	596.45	793.24	596.45	-1	
4421856383	SMP	1	793.43	591.49	793.43	591.49	-1	
4421864453	SMP	1	794.05	588.57	794.05	588.57	-1	
4421872864	SMP	1	797.82	586.47	797.82	586.47	-1	
4421881232	SMP	1	794.28	596.41	794.28	596.41	-1	
4421889444	SMP	1	795.68	593.85	795.68	593.85	-1	
4421897881	SMP	1	797.13	592.88	797.13	592.88	-1	
4421906197	SMP	1	798.48	588.93	798.48	588.93	-1	
4421914605	SMP	1	797.53	590.80	797.53	590.80	-1	
4421922852	SMP	1	798.39	581.97	798.39	581.97	-1	
4421931249	SMP	1	799.01	586.47	799.01	586.47	-1	
4421939611	SMP	1	801.87	584.15	801.87	584.15	-1	
4421947983	SMP	1	801.44	590.93	801.44	590.93	-1	
4421956273	SMP	1	803.66	584.99	803.66	584.99	-1	
4421964608	SMP	1	804.63	588.17	804.63	588.17	-1	
4421972991	SMP	1	809.46	587.77	809.46	587.77	-1	
4421981240	SMP	1	807.70	588.11	807.70	588.11	-1	
4421989582	SMP	1	808.03	578.32	808.03	578.32	-1	
4421997945	SMP	1	808.14	573.19	808.14	573.19	-1	
4422006383	SMP	1	809.55	574.89	809.55	574.89	-1	
4467582947	MSG	1	# Message: elmo1.jpg
4467585266	SMP	1	921.98	604.91	921.98	604.91	-1	
4467593518	SMP	1	0.00	0.00	0.00	0.00	-1	
4467602072	SMP	1	0.00	0.00	0.00	0.00	-1	
4467610291	SMP	1	0.00	0.00	0.00	0.00	-1	
4467618539	SMP	1	0.00	0.00	0.00	0.00	-1	
4467626902	SMP	1	0.00	0.00	0.00	0.00	-1	
4467635322	SMP	1	-117.53	842.73	-117.53	842.73	-1	
4467643681	SMP	1	-44.09	818.05	-44.09	818.05	-1	
4467651932	SMP	1	-1.37	0.00	-1.37	0.00	-1	
4467660297	SMP	1	-1.18	0.00	-1.18	0.00	-1	
4467668646	SMP	1	-1.04	0.00	-1.04	0.00	-1	
4467677007	SMP	1	94.15	-5.68	94.15	-5.68	-1	
4467685270	SMP	1	-0.95	-2.29	-0.95	-2.29	-1	
4467693680	SMP	1	-0.92	-2.26	-0.92	-2.26	-1	
4467702008	SMP	1	-0.89	-2.22	-0.89	-2.22	-1	
4467710406	SMP	1	-0.85	-2.16	-0.85	-2.16	-1	
4467718623	SMP	1	-0.81	-2.10	-0.81	-2.10	-1	
4467727034	SMP	1	-0.69	-1.86	-0.69	-1.86	-1	
4467735444	SMP	1	0.05	-1.66	0.05	-1.66	-1	
4467743622	SMP	1	0.05	-1.60	0.05	-1.60	-1	
4467752024	SMP	1	0.04	-1.54	0.04	-1.54	-1	
4467760376	SMP	1	0.04	-1.47	0.04	-1.47	-1	
4467768804	SMP	1	0.00	0.00	0.00	0.00	-1	
4467777009	SMP	1	0.00	0.00	0.00	0.00	-1	
4467785493	SMP	1	0.00	0.00	0.00	0.00	-1	
4467793805	SMP	1	0.00	0.00	0.00	0.00	-1	
4467802179	SMP	1	0.00	0.00	0.00	0.00	-1	
4467810412	SMP	1	471.83	845.73	471.83	845.73	-1	
4467818755	SMP	1	442.12	960.40	442.12	960.40	-1	
4467827086	SMP	1	783.99	774.59	783.99	774.59	-1	
4467835527	SMP	1	1210.86	305.12	1210.86	305.12	-1	
4467843745	SMP	1	726.80	776.32	726.80	776.32	-1	
4467852142	SMP	1	664.10	812.37	664.10	812.37	-1	
4467860488	SMP	1	658.12	812.55	658.12	812.55	-1	
4467868857	SMP	1	668.66	825.20	668.66	825.20	-1	
4467877088	SMP	1	659.47	816.36	659.47	816.36	-1	
4467885544	SMP	1	674.24	807.93	674.24	807.93	-1	
4467893903	SMP	1	602.73	815.15	602.73	815.15	-1	
4467902091	SMP	1	656.51	814.96	656.51	814.96	-1	
4467910492	SMP	1	340.20	532.75	340.20	532.75	-1	
4467918852	SMP	1	647.45	410.79	647.45	410.79	-1	
4467927334	SMP	1	666.98	803.97	666.98	803.97	-1	
4467935542	SMP	1	667.68	811.19	667.68	811.19	-1	
4467943887	SMP	1	657.75	789.31	657.75	789.31	-1	
4467952265	SMP	1	640.39	718.02	640.39	718.02	-1	
4467960644	SMP	1	346.35	520.41	346.35	520.41	-1	
4467968913	SMP	1	644.01	611.25	644.01	611.25	-1	
4467977253	SMP	1	784.54	461.48	784.54	461.48	-1	
4467985586	SMP	1	657.14	508.15	657.14	508.15	-1	
4467993870	SMP	1	665.71	411.72	665.71	411.72	-1	
4468002235	SMP	1	997.61	345.21	997.61	345.21	-1	
4468010667	SMP	1	645.33	381.95	645.33	381.95	-1	
4468019020	SMP	1	794.45	368.24	794.45	368.24	-1	
4468027209	SMP	1	722.55	450.15	722.55	450.15	-1	
4468035584	SMP	1	684.21	504.05	684.21	504.05	-1	
4468044038	SMP	1	654.31	482.57	654.31	482.57	-1	
4468052412	SMP	1	619.56	483.96	619.56	483.96	-1	
4468060653	SMP	1	627.15	437.06	627.15	437.06	-1	
4468068989	SMP	1	613.48	466.06	613.48	466.06	-1	
4468077372	SMP	1	606.21	399.21	606.21	399.21	-1	
4468085702	SMP	1	622.33	459.70	622.33	459.70	-1	
4468094088	SMP	1	744.16	369.15	744.16	369.15	-1	
4468102399	SMP	1	614.02	452.97	614.02	452.97	-1	
4468110791	SMP	1	615.70	445.32	615.70	445.32	-1	
4468119324	SMP	1	646.07	445.82	646.07	445.82	-1	
4468127404	SMP	1	621.39	447.17	621.39	447.17	-1	
4468135748	SMP	1	626.52	435.05	626.52	435.05	-1	
4468144113	SMP	1	592.40	428.44	592.40	428.44	-1	
4468152399	SMP	1	600.85	426.50	600.85	426.50	-1	
4468160780	SMP	1	590.97	414.79	590.97	414.79	-1	
4468169162	SMP	1	780.27	374.04	780.27	374.04	-1	
4468177510	SMP	1	816.40	389.82	816.40	389.82	-1	
4468185710	SMP	1	667.06	360.34	667.06	360.34	-1	
4468194075	SMP	1	711.24	328.67	711.24	328.67	-1	
4468202503	SMP	1	742.60	333.57	742.60	333.57	-1	
4468210901	SMP	1	730.67	309.30	730.67	309.30	-1	
4468219128	SMP	1	715.07	343.01	715.07	343.01	-1	
4468227491	SMP	1	718.87	359.40	718.87	359.40	-1	
4468235882	SMP	1	690.94	360.09	690.94	360.09	-1	
4468244247	SMP	1	729.02	337.34	729.02	337.34	-1	
4468252519	SMP	1	723.94	346.17	723.94	346.17	-1	
4468260890	SMP	1	718.64	352.65	718.64	352.65	-1	
4468269238	SMP	1	718.29	346.03	718.29	346.03	-1	
4468277486	SMP	1	722.28	352.63	722.28	352.63	-1	
4468285900	SMP	1	725.40	338.56	725.40	338.56	-1	
4468294273	SMP	1	726.60	349.32	726.60	349.32	-1	
4468302617	SMP	1	723.75	324.35	723.75	324.35	-1	
4468310896	SMP	1	707.98	337.71	707.98	337.71	-1	
4468319238	SMP	1	713.18	329.30	713.18	329.30	-1	
4468327618	SMP	1	724.86	326.79	724.86	326.79	-1	
4468336015	SMP	1	726.60	325.39	726.60	325.39	-1	
4468344200	SMP	1	717.94	326.01	717.94	326.01	-1	
4468352645	SMP	1	722.97	320.81	722.97	320.81	-1	
4468361012	SMP	1	727.89	317.88	727.89	317.88	-1	
4468369399	SMP	1	728.30	317.53	728.30	317.53	-1	
4468377622	SMP	1	719.20	318.64	719.20	318.64	-1	
4468385984	SMP	1	715.35	310.81	715.35	310.81	-1	
4468394430	SMP	1	705.38	309.64	705.38	309.64	-1	
4468402608	SMP	1	716.72	317.94	716.72	317.94	-1	
4468411032	SMP	1	716.86	307.63	716.86	307.63	-1	
4468419384	SMP	1	734.92	295.88	734.92	295.88	-1	
4468427719	SMP	1	728.07	295.48	728.07	295.48	-1	
4468435994	SMP	1	732.39	301.04	732.39	301.04	-1	
4468444513	SMP	1	744.82	294.70	744.82	294.70	-1	
4468452779	SMP	1	741.10	288.86	741.10	288.86	-1	
4468461130	SMP	1	749.22	286.92	749.22	286.92	-1	
4468469362	SMP	1	743.15	280.33	743.15	280.33	-1	
4468477737	SMP	1	744.20	278.88	744.20	278.88	-1	
4468486127	SMP	1	743.27	269.93	743.27	269.93	-1	
4468494522	SMP	1	745.34	271.54	745.34	271.54	-1	
4468502751	SMP	1	738.06	274.43	738.06	274.43	-1	
4468511125	SMP	1	745.61	279.98	745.61	279.98	-1	
4468519488	SMP	1	741.48	284.76	741.48	284.76	-1	
4468527883	SMP	1	732.74	280.97	732.74	280.97	-1	
4468536132	SMP	1	732.63	281.14	732.63	281.14	-1	
4468544505	SMP	1	732.00	268.30	732.00	268.30	-1	
4468552830	SMP	1	730.22	274.94	730.22	274.94	-1	
4468561142	SMP	1	730.27	274.07	730.27	274.07	-1	
4468569489	SMP	1	733.62	260.43	733.62	260.43	-1	
4468577841	SMP	1	736.71	266.00	736.71	266.00	-1	
4468586263	SMP	1	733.87	251.71	733.87	251.71	-1	
4468594454	SMP	1	731.00	256.45	731.00	256.45	-1	
4468602909	SMP	1	732.32	250.29	732.32	250.29	-1	
4468611270	SMP	1	745.99	266.63	745.99	266.63	-1	
4468619585	SMP	1	737.94	273.61	737.94	273.61	-1	
4468627858	SMP	1	736.70	258.38	736.70	258.38	-1	
4468636181	SMP	1	739.33	266.68	739.33	266.68	-1	
4468644560	SMP	1	742.81	264.04	742.81	264.04	-1	
4468652992	SMP	1	743.64	270.80	743.64	270.80	-1	
4468661273	SMP	1	690.41	282.12	690.41	282.12	-1	
4468669622	SMP	1	659.50	307.37	659.50	307.37	-1	
4468677983	SMP	1	543.90	314.97	543.90	314.97	-1	
4468686388	SMP	1	476.51	330.87	476.51	330.87	-1	
4468694673	SMP	1	393.70	350.08	393.70	350.08	-1	
4468702939	SMP	1	442.86	334.67	442.86	334.67	-1	
4468711367	SMP	1	381.72	323.69	381.72	323.69	-1	
4468719604	SMP	1	403.02	326.24	403.02	326.24	-1	
4468728010	SMP	1	401.09	332.50	401.09	332.50	-1	
4468736389	SMP	1	423.51	308.32	423.51	308.32	-1	
4468744718	SMP	1	430.92	297.90	430.92	297.90	-1	
4468752977	SMP	1	428.41	330.83	428.41	330.83	-1	
4468761375	SMP	1	431.48	332.97	431.48	332.97	-1	
4468769744	SMP	1	431.44	301.97	431.44	301.97	-1	
4468778064	SMP	1	440.46	321.58	440.46	321.58	-1	
4468786388	SMP	1	435.90	320.97	435.90	320.97	-1	
4468794744	SMP	1	428.21	314.88	428.21	314.88	-1	
4468803107	SMP	1	426.74	332.39	426.74	332.39	-1	
4468811402	SMP	1	436.72	342.41	436.72	342.41	-1	
4468819738	SMP	1	434.97	347.49	434.97	347.49	-1	
4468828088	SMP	1	433.67	323.56	433.67	323.56	-1	
4468836480	SMP	1	433.23	345.63	433.23	345.63	-1	
4468844777	SMP	1	433.07	341.53	433.07	341.53	-1	
4468853119	SMP	1	445.10	318.66	445.10	318.66	-1	
4468861521	SMP	1	462.08	315.60	462.08	315.60	-1	
4468869830	SMP	1	447.68	307.55	447.68	307.55	-1	
4468878107	SMP	1	435.29	320.41	435.29	320.41	-1	
4468886552	SMP	1	449.72	340.86	449.72	340.86	-1	
4468894905	SMP	1	447.31	322.83	447.31	322.83	-1	
4468903243	SMP	1	444.47	317.49	444.47	317.49	-1	
4468911513	SMP	1	440.31	318.09	440.31	318.09	-1	
4468920676	SMP	1	439.39	312.49	439.39	312.49	-1	
4468928226	SMP	1	586.08	319.65	586.08	319.65	-1	
4468936627	SMP	1	598.33	329.68	598.33	329.68	-1	
4468944842	SMP	1	654.54	331.51	654.54	331.51	-1	
4468953235	SMP	1	673.96	330.63	673.96	330.63	-1	
4468961639	SMP	1	694.15	325.49	694.15	325.49	-1	
4468969864	SMP	1	707.88	325.03	707.88	325.03	-1	
4468978273	SMP	1	701.11	318.72	701.11	318.72	-1	
4468986626	SMP	1	712.93	319.20	712.93	319.20	-1	
4468994985	SMP	1	710.10	334.77	710.10	334.77	-1	
4469003279	SMP	1	714.98	327.73	714.98	327.73	-1	
4469011581	SMP	1	714.07	325.62	714.07	325.62	-1	
4469019951	SMP	1	707.80	332.34	707.80	332.34	-1	
4469028349	SMP	1	719.90	311.08	719.90	311.08	-1	
4469036588	SMP	1	708.27	330.57	708.27	330.57	-1	
4469044983	SMP	1	719.37	326.85	719.37	326.85	-1	
4469053388	SMP	1	709.14	319.86	709.14	319.86	-1	
4469061773	SMP	1	718.51	321.29	718.51	321.29	-1	
4469069981	SMP	1	710.54	332.35	710.54	332.35	-1	
4469078371	SMP	1	706.86	337.61	706.86	337.61	-1	
4469086754	SMP	1	707.29	324.22	707.29	324.22	-1	
4469094979	SMP	1	706.72	310.99	706.72	310.99	-1	
4469103307	SMP	1	710.37	328.72	710.37	328.72	-1	
4469111750	SMP	1	718.89	329.22	718.89	329.22	-1	
4469120106	SMP	1	706.02	327.75	706.02	327.75	-1	
4469128378	SMP	1	728.16	333.24	728.16	333.24	-1	
4469136754	SMP	1	723.78	335.54	723.78	335.54	-1	
4469145082	SMP	1	709.42	334.20	709.42	334.20	-1	
4469153477	SMP	1	723.55	330.18	723.55	330.18	-1	
4469161769	SMP	1	721.03	335.59	721.03	335.59	-1	
4469170124	SMP	1	720.23	332.20	720.23	332.20	-1	
4469178426	SMP	1	715.69	335.99	715.69	335.99	-1	
4469186872	SMP	1	704.86	337.70	704.86	337.70	-1	
4469195098	SMP	1	722.78	330.68	722.78	330.68	-1	
4469203491	SMP	1	717.85	334.85	717.85	334.85	-1	
4469211901	SMP	1	721.42	303.60	721.42	303.60	-1	
4469220106	SMP	1	708.37	321.71	708.37	321.71	-1	
4469228477	SMP	1	718.99	332.47	718.99	332.47	-1	
4469236856	SMP	1	725.56	334.04	725.56	334.04	-1	
4469245272	SMP	1	801.07	416.59	801.07	416.59	-1	
4469253468	SMP	1	828.40	451.08	828.40	451.08	-1	
4469261849	SMP	1	844.39	497.56	844.39	497.56	-1	
4469270254	SMP	1	853.22	487.45	853.22	487.45	-1	
4469278609	SMP	1	854.51	515.69	854.51	515.69	-1	
4469286847	SMP	1	853.73	513.92	853.73	513.92	-1	
4469295272	SMP	1	851.07	500.12	851.07	500.12	-1	
4469303615	SMP	1	870.67	607.20	870.67	607.20	-1	
4469311980	SMP	1	901.22	603.30	901.22	603.30	-1	
4469320243	SMP	1	875.35	614.19	875.35	614.19	-1	
4469328652	SMP	1	886.79	535.09	886.79	535.09	-1	
4469336986	SMP	1	859.51	519.01	859.51	519.01	-1	
4469345340	SMP	1	867.97	532.86	867.97	532.86	-1	
4469353596	SMP	1	875.70	516.38	875.70	516.38	-1	
4469361999	SMP	1	877.37	538.86	877.37	538.86	-1	
4469370352	SMP	1	883.00	521.46	883.00	521.46	-1	
4469378636	SMP	1	886.51	526.51	886.51	526.51	-1	
4469386982	SMP	1	868.89	529.50	868.89	529.50	-1	
4469395349	SMP	1	878.11	521.55	878.11	521.55	-1	
4469403762	SMP	1	878.98	524.01	878.98	524.01	-1	
4469411977	SMP	1	882.00	529.81	882.00	529.81	-1	
4469420346	SMP	1	879.79	516.46	879.79	516.46	-1	
4469428704	SMP	1	877.40	537.94	877.40	537.94	-1	
4469437115	SMP	1	882.83	500.33	882.83	500.33	-1	
4469445414	SMP	1	873.03	516.79	873.03	516.79	-1	
4469453726	SMP	1	873.42	501.10	873.42	501.10	-1	
4469462107	SMP	1	878.49	530.81	878.49	530.81	-1	
4469470453	SMP	1	856.67	529.33	856.67	529.33	-1	
4469478723	SMP	1	883.48	543.82	883.48	543.82	-1	
4469487125	SMP	1	896.36	511.82	896.36	511.82	-1	
4469495593	SMP	1	886.21	537.74	886.21	537.74	-1	
4469503724	SMP	1	896.98	500.16	896.98	500.16	-1	
4469512098	SMP	1	900.62	549.56	900.62	549.56	-1	
4469520463	SMP	1	926.37	555.98	926.37	555.98	-1	
4469528881	SMP	1	922.63	611.56	922.63	611.56	-1	
4469537121	SMP	1	948.28	710.81	948.28	710.81	-1	
4469545553	SMP	1	939.89	680.00	939.89	680.00	-1	
4469553833	SMP	1	953.26	643.82	953.26	643.82	-1	
4469562235	SMP	1	975.27	688.42	975.27	688.42	-1	
4469570476	SMP	1	952.08	674.97	952.08	674.97	-1	
4469578891	SMP	1	935.84	634.36	935.84	634.36	-1	
4469587235	SMP	1	948.28	689.96	948.28	689.96	-1	
4469595603	SMP	1	970.92	653.17	970.92	653.17	-1	
4469603847	SMP	1	961.54	679.67	961.54	679.67	-1	
4469612268	SMP	1	950.43	658.65	950.43	658.65	-1	
4469620566	SMP	1	929.60	628.15	929.60	628.15	-1	
4469628873	SMP	1	940.32	613.57	940.32	613.57	-1	
4469637196	SMP	1	954.17	600.75	954.17	600.75	-1	
4469645622	SMP	1	931.95	628.43	931.95	628.43	-1	
4469653993	SMP	1	946.20	665.86	946.20	665.86	-1	
4469662254	SMP	1	943.89	665.99	943.89	665.99	-1	
4469670586	SMP	1	936.28	643.31	936.28	643.31	-1	
4469678977	SMP	1	933.44	657.51	933.44	657.51	-1	
4469687422	SMP	1	932.92	673.38	932.92	673.38	-1	
4469695623	SMP	1	935.04	647.25	935.04	647.25	-1	
4469704017	SMP	1	911.67	665.86	911.67	665.86	-1	
4469712337	SMP	1	868.32	586.44	868.32	586.44	-1	
4469720760	SMP	1	765.47	607.77	765.47	607.77	-1	
4469728972	SMP	1	751.78	476.93	751.78	476.93	-1	
4469737360	SMP	1	638.50	437.42	638.50	437.42	-1	
4469745678	SMP	1	651.89	340.81	651.89	340.81	-1	
4469754090	SMP	1	564.00	327.25	564.00	327.25	-1	
4469762340	SMP	1	535.40	320.96	535.40	320.96	-1	
4469770764	SMP	1	493.92	311.50	493.92	311.50	-1	
4469779125	SMP	1	503.53	314.04	503.53	314.04	-1	
4469787364	SMP	1	573.98	320.78	573.98	320.78	-1	
4469795681	SMP	1	493.52	303.00	493.52	303.00	-1	
4469804207	SMP	1	498.19	322.98	498.19	322.98	-1	
4469812501	SMP	1	488.53	298.52	488.53	298.52	-1	
4469820703	SMP	1	642.37	320.01	642.37	320.01	-1	
4469829089	SMP	1	504.86	324.69	504.86	324.69	-1	
4469837459	SMP	1	528.23	310.19	528.23	310.19	-1	
4469845831	SMP	1	503.55	299.86	503.55	299.86	-1	
4469854121	SMP	1	625.71	286.24	625.71	286.24	-1	
4469862473	SMP	1	600.25	292.17	600.25	292.17	-1	
4469870839	SMP	1	505.80	318.50	505.80	318.50	-1	
4469879349	SMP	1	496.33	308.05	496.33	308.05	-1	
4469887495	SMP	1	501.66	312.56	501.66	312.56	-1	
4469895867	SMP	1	496.63	305.94	496.63	305.94	-1	
4469904176	SMP	1	602.83	322.76	602.83	322.76	-1	
4469912513	SMP	1	536.73	281.98	536.73	281.98	-1	
4469920836	SMP	1	628.37	310.21	628.37	310.21	-1	
4469929246	SMP	1	640.99	312.20	640.99	312.20	-1	
4469937610	SMP	1	490.25	315.74	490.25	315.74	-1	
4469945802	SMP	1	488.18	286.99	488.18	286.99	-1	
4469954208	SMP	1	421.53	307.69	421.53	307.69	-1	
4469962634	SMP	1	434.60	317.04	434.60	317.04	-1	
4469970965	SMP	1	457.67	269.16	457.67	269.16	-1	
4469979245	SMP	1	446.45	257.55	446.45	257.55	-1	
4469987610	SMP	1	427.50	297.00	427.50	297.00	-1	
4469995975	SMP	1	428.35	281.38	428.35	281.38	-1	
4470004305	SMP	1	443.22	259.58	443.22	259.58	-1	
4470012631	SMP	1	415.28	298.11	415.28	298.11	-1	
4470020935	SMP	1	430.27	312.52	430.27	312.52	-1	
4470029364	SMP	1	418.66	328.05	418.66	328.05	-1	
4470037718	SMP	1	433.74	250.38	433.74	250.38	-1	
4470046006	SMP	1	438.61	309.27	438.61	309.27	-1	
4470054483	SMP	1	438.27	254.44	438.27	254.44	-1	
4470062734	SMP	1	437.27	267.81	437.27	267.81	-1	
4470070955	SMP	1	433.19	302.05	433.19	302.05	-1	
4470079364	SMP	1	478.41	282.36	478.41	282.36	-1	
4470087724	SMP	1	432.34	266.94	432.34	266.94	-1	
4470096127	SMP	1	552.59	333.08	552.59	333.08	-1	
4470104359	SMP	1	474.69	286.44	474.69	286.44	-1	
4470112734	SMP	1	452.63	294.20	452.63	294.20	-1	
4470121126	SMP	1	438.01	323.83	438.01	323.83	-1	
4470129487	SMP	1	512.02	279.25	512.02	279.25	-1	
4470137729	SMP	1	420.18	277.14	420.18	277.14	-1	
4470146053	SMP	1	468.71	271.86	468.71	271.86	-1	
4470154451	SMP	1	432.37	267.79	432.37	267.79	-1	
4470162836	SMP	1	451.60	297.25	451.60	297.25	-1	
4470171126	SMP	1	465.51	273.19	465.51	273.19	-1	
4470179492	SMP	1	428.25	312.49	428.25	312.49	-1	
4470187855	SMP	1	442.24	287.15	442.24	287.15	-1	
4470196082	SMP	1	411.35	287.54	411.35	287.54	-1	
4470204554	SMP	1	413.11	306.06	413.11	306.06	-1	
4470212864	SMP	1	566.61	303.50	566.61	303.50	-1	
4470221190	SMP	1	418.14	304.21	418.14	304.21	-1	
4470229453	SMP	1	424.10	260.30	424.10	260.30	-1	
4470237844	SMP	1	453.06	299.24	453.06	299.24	-1	
4470246365	SMP	1	427.15	310.02	427.15	310.02	-1	
4470254575	SMP	1	392.28	294.93	392.28	294.93	-1	
4470262871	SMP	1	427.16	270.08	427.16	270.08	-1	
4470271197	SMP	1	410.70	314.60	410.70	314.60	-1	
4470279613	SMP	1	397.17	315.85	397.17	315.85	-1	
4470287978	SMP	1	396.14	321.81	396.14	321.81	-1	
4470296252	SMP	1	398.58	325.37	398.58	325.37	-1	
4470304530	SMP	1	405.60	331.65	405.60	331.65	-1	
4470312964	SMP	1	403.04	325.43	403.04	325.43	-1	
4470321203	SMP	1	388.68	326.02	388.68	326.02	-1	
4470329648	SMP	1	384.36	330.48	384.36	330.48	-1	
4470337972	SMP	1	386.38	322.57	386.38	322.57	-1	
4470346333	SMP	1	392.75	328.12	392.75	328.12	-1	
4470354523	SMP	1	398.58	330.72	398.58	330.72	-1	
4470363000	SMP	1	408.07	323.28	408.07	323.28	-1	
4470371355	SMP	1	406.31	327.51	406.31	327.51	-1	
4470379703	SMP	1	408.69	327.85	408.69	327.85	-1	
4470387941	SMP	1	409.83	322.56	409.83	322.56	-1	
4470396330	SMP	1	637.98	321.01	637.98	321.01	-1	
4470404692	SMP	1	411.30	334.03	411.30	334.03	-1	
4470413126	SMP	1	421.13	324.32	421.13	324.32	-1	
4470421314	SMP	1	429.11	316.50	429.11	316.50	-1	
4470429706	SMP	1	439.44	329.55	439.44	329.55	-1	
4470438094	SMP	1	426.07	316.69	426.07	316.69	-1	
4470446370	SMP	1	439.09	330.58	439.09	330.58	-1	
4470454699	SMP	1	431.18	318.05	431.18	318.05	-1	
4470463097	SMP	1	428.09	322.80	428.09	322.80	-1	
4470471399	SMP	1	455.16	302.63	455.16	302.63	-1	
4470479698	SMP	1	439.57	306.59	439.57	306.59	-1	
4470488067	SMP	1	468.39	324.31	468.39	324.31	-1	
4470496490	SMP	1	485.55	313.05	485.55	313.05	-1	
4470504849	SMP	1	495.88	309.60	495.88	309.60	-1	
4470513115	SMP	1	505.16	312.66	505.16	312.66	-1	
4470521464	SMP	1	504.75	332.33	504.75	332.33	-1	
4470529838	SMP	1	508.53	311.74	508.53	311.74	-1	
4470538217	SMP	1	547.96	313.05	547.96	313.05	-1	
4470546439	SMP	1	548.17	314.72	548.17	314.72	-1	
4470554818	SMP	1	615.17	313.91	615.17	313.91	-1	
4470563231	SMP	1	518.40	309.04	518.40	309.04	-1	
4470571486	SMP	1	536.33	324.16	536.33	324.16	-1	
4470579843	SMP	1	541.94	317.23	541.94	317.23	-1	
4470588229	SMP	1	542.77	295.68	542.77	295.68	-1	
4470596579	SMP	1	518.88	332.97	518.88	332.97	-1	
4470604866	SMP	1	507.90	323.16	507.90	323.16	-1	
4470613239	SMP	1	489.86	315.00	489.86	315.00	-1	
4470621566	SMP	1	480.48	311.05	480.48	311.05	-1	
4470629948	SMP	1	488.34	311.54	488.34	311.54	-1	
4470638249	SMP	1	475.47	341.94	475.47	341.94	-1	
4470646621	SMP	1	527.85	296.20	527.85	296.20	-1	
4470654978	SMP	1	574.01	322.73	574.01	322.73	-1	
4470663405	SMP	1	540.72	316.58	540.72	316.58	-1	
4470671571	SMP	1	504.75	320.58	504.75	320.58	-1	
4470679965	SMP	1	519.49	325.10	519.49	325.10	-1	
4470688355	SMP	1	523.05	311.00	523.05	311.00	-1	
4470696595	SMP	1	528.05	286.64	528.05	286.64	-1	
4470704948	SMP	1	497.56	327.95	497.56	327.95	-1	
4470713316	SMP	1	511.96	330.09	511.96	330.09	-1	
4470721700	SMP	1	554.54	307.22	554.54	307.22	-1	
4470729949	SMP	1	527.26	309.99	527.26	309.99	-1	
4470738356	SMP	1	535.37	323.20	535.37	323.20	-1	
4470746727	SMP	1	536.80	318.84	536.80	318.84	-1	
4470755067	SMP	1	520.62	326.68	520.62	326.68	-1	
4470763366	SMP	1	575.91	331.31	575.91	331.31	-1	
4470771701	SMP	1	584.89	433.56	584.89	433.56	-1	
4470780060	SMP	1	687.90	458.77	687.90	458.77	-1	
4470788447	SMP	1	731.91	461.63	731.91	461.63	-1	
4470796700	SMP	1	740.72	460.08	740.72	460.08	-1	
4470805053	SMP	1	746.67	466.60	746.67	466.60	-1	
4470813489	SMP	1	749.50	453.01	749.50	453.01	-1	
4470821786	SMP	1	755.74	450.87	755.74	450.87	-1	
4470830104	SMP	1	758.76	448.30	758.76	448.30	-1	
4470838425	SMP	1	754.09	546.20	754.09	546.20	-1	
4470846862	SMP	1	756.22	468.88	756.22	468.88	-1	
4470855075	SMP	1	743.32	476.54	743.32	476.54	-1	
4470863476	SMP	1	757.66	452.94	757.66	452.94	-1	
4470871826	SMP	1	766.45	443.58	766.45	443.58	-1	
4470880168	SMP	1	769.99	457.61	769.99	457.61	-1	
4470888474	SMP	1	769.41	454.94	769.41	454.94	-1	
4470896859	SMP	1	763.08	445.82	763.08	445.82	-1	
4470905216	SMP	1	783.81	445.94	783.81	445.94	-1	
4470913573	SMP	1	778.79	443.47	778.79	443.47	-1	
4470921837	SMP	1	758.31	510.58	758.31	510.58	-1	
4470930204	SMP	1	776.80	445.56	776.80	445.56	-1	
4470938585	SMP	1	786.57	493.45	786.57	493.45	-1	
4470946952	SMP	1	772.68	437.95	772.68	437.95	-1	
4470955187	SMP	1	754.48	494.63	754.48	494.63	-1	
4470963569	SMP	1	769.09	428.36	769.09	428.36	-1	
4470971981	SMP	1	757.13	445.04	757.13	445.04	-1	
4470980331	SMP	1	762.18	428.68	762.18	428.68	-1	
4470988592	SMP	1	752.20	431.38	752.20	431.38	-1	
4470996964	SMP	1	746.72	427.32	746.72	427.32	-1	
4471005330	SMP	1	772.08	428.42	772.08	428.42	-1	
4471013630	SMP	1	742.40	441.07	742.40	441.07	-1	
4471021909	SMP	1	754.35	445.07	754.35	445.07	-1	
4471030473	SMP	1	762.77	453.38	762.77	453.38	-1	
4471038691	SMP	1	763.89	450.97	763.89	450.97	-1	
4471046915	SMP	1	802.49	444.92	802.49	444.92	-1	
4471055354	SMP	1	762.30	443.13	762.30	443.13	-1	
4471063731	SMP	1	761.82	476.74	761.82	476.74	-1	
4471072071	SMP	1	772.98	441.68	772.98	441.68	-1	
4471080356	SMP	1	798.90	425.23	798.90	425.23	-1	
4471088709	SMP	1	771.40	446.45	771.40	446.45	-1	
4471097163	SMP	1	768.92	430.31	768.92	430.31	-1	
4471105459	SMP	1	818.96	560.79	818.96	560.79	-1	
4471113704	SMP	1	744.09	443.25	744.09	443.25	-1	
4471122077	SMP	1	276.00	933.87	276.00	933.87	-1	
4471130445	SMP	1	0.00	0.00	0.00	0.00	-1	
4471138709	SMP	1	0.00	0.00	0.00	0.00	-1	
4471147042	SMP	1	0.00	0.00	0.00	0.00	-1	
4471155515	SMP	1	0.00	0.00	0.00	0.00	-1	
4471163861	SMP	1	0.00	0.00	0.00	0.00	-1	
4471172066	SMP	1	0.00	0.00	0.00	0.00	-1	
4471180435	SMP	1	0.00	0.00	0.00	0.00	-1	
4471188822	SMP	1	1098.73	570.31	1098.73	570.31	-1	
4471197215	SMP	1	0.00	0.00	0.00	0.00	-1	
4471205490	SMP	1	857.92	369.29	857.92	369.29	-1	
4471213860	SMP	1	628.64	490.22	628.64	490.22	-1	
4471222230	SMP	1	868.14	352.78	868.14	352.78	-1	
4471230580	SMP	1	882.41	369.85	882.41	369.85	-1	
4471238808	SMP	1	743.11	479.00	743.11	479.00	-1	
4471247231	SMP	1	867.39	383.08	867.39	383.08	-1	
4471255527	SMP	1	853.26	363.76	853.26	363.76	-1	
4471263838	SMP	1	808.96	391.89	808.96	391.89	-1	
4471272184	SMP	1	797.76	370.97	797.76	370.97	-1	
4471280563	SMP	1	744.72	385.46	744.72	385.46	-1	
4471288955	SMP	1	769.85	376.87	769.85	376.87	-1	
4471297237	SMP	1	760.49	382.55	760.49	382.55	-1	
4471305526	SMP	1	764.08	376.83	764.08	376.83	-1	
4471313931	SMP	1	773.12	377.94	773.12	377.94	-1	
4471322395	SMP	1	776.88	374.20	776.88	374.20	-1	
4471330576	SMP	1	790.37	379.39	790.37	379.39	-1	
4471338934	SMP	1	772.85	376.78	772.85	376.78	-1	
4471347311	SMP	1	758.49	376.69	758.49	376.69	-1	
4471355632	SMP	1	761.47	374.00	761.47	374.00	-1	
4471363964	SMP	1	766.39	375.43	766.39	375.43	-1	
4471372338	SMP	1	1078.12	474.75	1078.12	474.75	-1	
4471380715	SMP	1	876.01	373.41	876.01	373.41	-1	
4471388969	SMP	1	928.99	373.69	928.99	373.69	-1	
4471397290	SMP	1	799.29	393.45	799.29	393.45	-1	
4471405681	SMP	1	764.38	380.93	764.38	380.93	-1	
4471414131	SMP	1	763.36	380.20	763.36	380.20	-1	
4471422321	SMP	1	775.02	386.88	775.02	386.88	-1	
4471430686	SMP	1	789.28	393.24	789.28	393.24	-1	
4471439079	SMP	1	777.59	396.16	777.59	396.16	-1	
4471447440	SMP	1	772.55	397.63	772.55	397.63	-1	
4471455690	SMP	1	772.82	393.89	772.82	393.89	-1	
4471464066	SMP	1	796.36	406.66	796.36	406.66	-1	
4471472428	SMP	1	779.62	401.14	779.62	401.14	-1	
4471480856	SMP	1	791.02	410.46	791.02	410.46	-1	
4471489099	SMP	1	814.74	395.69	814.74	395.69	-1	
4471497453	SMP	1	906.07	292.31	906.07	292.31	-1	
4471505842	SMP	1	904.84	288.81	904.84	288.81	-1	
4471514232	SMP	1	803.65	288.97	803.65	288.97	-1	
4471522392	SMP	1	783.84	260.28	783.84	260.28	-1	
4471530821	SMP	1	781.52	277.33	781.52	277.33	-1	
4471539205	SMP	1	769.07	280.21	769.07	280.21	-1	
4471547438	SMP	1	777.88	292.83	777.88	292.83	-1	
4471555801	SMP	1	915.46	281.91	915.46	281.91	-1	
4471564219	SMP	1	585.80	286.76	585.80	286.76	-1	
4471572603	SMP	1	629.77	411.11	629.77	411.11	-1	
4471580809	SMP	1	755.26	364.90	755.26	364.90	-1	
4471589182	SMP	1	755.27	377.71	755.27	377.71	-1	
4471597551	SMP	1	680.57	378.68	680.57	378.68	-1	
4471605925	SMP	1	790.86	395.07	790.86	395.07	-1	
4471614242	SMP	1	615.91	397.05	615.91	397.05	-1	
4471622577	SMP	1	723.24	497.04	723.24	497.04	-1	
4471630936	SMP	1	806.54	296.30	806.54	296.30	-1	
4471639331	SMP	1	755.93	314.42	755.93	314.42	-1	
4471647547	SMP	1	779.61	365.80	779.61	365.80	-1	
4471655941	SMP	1	759.81	330.63	759.81	330.63	-1	
4471664458	SMP	1	781.45	312.60	781.45	312.60	-1	
4471672560	SMP	1	813.22	310.24	813.22	310.24	-1	
4471680928	SMP	1	756.39	309.05	756.39	309.05	-1	
4471689315	SMP	1	804.21	287.71	804.21	287.71	-1	
4471697695	SMP	1	762.27	302.60	762.27	302.60	-1	
4471705965	SMP	1	782.35	309.48	782.35	309.48	-1	
4471714279	SMP	1	774.41	328.72	774.41	328.72	-1	
4471722725	SMP	1	867.50	314.29	867.50	314.29	-1	
4471731057	SMP	1	790.30	331.72	790.30	331.72	-1	
4471739331	SMP	1	789.74	334.32	789.74	334.32	-1	
4471747688	SMP	1	789.93	322.84	789.93	322.84	-1	
4471756053	SMP	1	774.81	307.65	774.81	307.65	-1	
4471764453	SMP	1	757.96	338.18	757.96	338.18	-1	
4471772718	SMP	1	761.92	321.37	761.92	321.37	-1	
4471781047	SMP	1	782.74	322.23	782.74	322.23	-1	
4471789456	SMP	1	781.24	319.68	781.24	319.68	-1	
4471797672	SMP	1	776.91	316.60	776.91	316.60	-1	
4471806092	SMP	1	782.04	318.23	782.04	318.23	-1	
4471814606	SMP	1	780.55	322.61	780.55	322.61	-1	
4471822828	SMP	1	784.85	320.94	784.85	320.94	-1	
4471831049	SMP	1	748.75	333.01	748.75	333.01	-1	
4471839422	SMP	1	768.28	312.09	768.28	312.09	-1	
4471847848	SMP	1	736.45	306.79	736.45	306.79	-1	
4471856214	SMP	1	772.33	306.70	772.33	306.70	-1	
4471864443	SMP	1	767.40	292.84	767.40	292.84	-1	
4471872785	SMP	1	769.98	304.82	769.98	304.82	-1	
4471881221	SMP	1	769.68	309.60	769.68	309.60	-1	
4471889562	SMP	1	760.32	291.90	760.32	291.90	-1	
4471897796	SMP	1	762.35	296.58	762.35	296.58	-1	
4471906220	SMP	1	762.20	300.48	762.20	300.48	-1	
4471914531	SMP	1	735.21	280.45	735.21	280.45	-1	
4471922816	SMP	1	760.53	283.09	760.53	283.09	-1	
4471931211	SMP	1	750.45	292.47	750.45	292.47	-1	
4471939584	SMP	1	755.90	281.83	755.90	281.83	-1	
4471947932	SMP	1	755.88	287.25	755.88	287.25	-1	
4471956168	SMP	1	743.32	290.61	743.32	290.61	-1	
4471964545	SMP	1	746.85	286.88	746.85	286.88	-1	
4471972934	SMP	1	750.22	297.47	750.22	297.47	-1	
4471981296	SMP	1	756.35	292.88	756.35	292.88	-1	
4471989577	SMP	1	760.46	291.77	760.46	291.77	-1	
4471997928	SMP	1	770.26	287.19	770.26	287.19	-1	
4472006520	SMP	1	757.22	293.81	757.22	293.81	-1	
4472014700	SMP	1	680.05	307.72	680.05	307.72	-1	
4472022900	SMP	1	754.79	336.30	754.79	336.30	-1	
4472031318	SMP	1	594.75	325.04	594.75	325.04	-1	
4472039698	SMP	1	561.58	323.87	561.58	323.87	-1	
4472048074	SMP	1	536.18	310.85	536.18	310.85	-1	
4472056301	SMP	1	537.40	318.82	537.40	318.82	-1	
4472064686	SMP	1	512.78	295.22	512.78	295.22	-1	
4472073056	SMP	1	484.06	305.86	484.06	305.86	-1	
4472081288	SMP	1	518.15	302.88	518.15	302.88	-1	
4472089689	SMP	1	498.15	316.36	498.15	316.36	-1	
4472098040	SMP	1	524.70	305.95	524.70	305.95	-1	
4472106387	SMP	1	503.20	307.23	503.20	307.23	-1	
4472114665	SMP	1	544.24	310.61	544.24	310.61	-1	
4472123093	SMP	1	513.83	317.64	513.83	317.64	-1	
4472131446	SMP	1	501.57	313.04	501.57	313.04	-1	
4472139829	SMP	1	489.12	319.02	489.12	319.02	-1	
4472148048	SMP	1	481.60	318.23	481.60	318.23	-1	
4472156428	SMP	1	487.55	316.28	487.55	316.28	-1	
4472164796	SMP	1	494.19	332.51	494.19	332.51	-1	
4472173218	SMP	1	486.32	351.43	486.32	351.43	-1	
4472181419	SMP	1	484.19	314.32	484.19	314.32	-1	
4472189822	SMP	1	478.48	318.71	478.48	318.71	-1	
4472198318	SMP	1	483.49	341.75	483.49	341.75	-1	
4472206427	SMP	1	489.55	339.17	489.55	339.17	-1	
4472214797	SMP	1	482.34	331.50	482.34	331.50	-1	
4472223200	SMP	1	477.03	329.46	477.03	329.46	-1	
4472231560	SMP	1	480.30	321.93	480.30	321.93	-1	
4472239823	SMP	1	488.32	321.16	488.32	321.16	-1	
4472248201	SMP	1	492.10	333.76	492.10	333.76	-1	
4472256578	SMP	1	494.63	298.90	494.63	298.90	-1	
4472264948	SMP	1	481.05	327.71	481.05	327.71	-1	
4472273170	SMP	1	487.60	338.50	487.60	338.50	-1	
4472281563	SMP	1	451.04	293.52	451.04	293.52	-1	
4472289948	SMP	1	504.84	325.34	504.84	325.34	-1	
4472298258	SMP	1	494.46	337.52	494.46	337.52	-1	
4472306536	SMP	1	504.70	298.90	504.70	298.90	-1	
4472314921	SMP	1	509.91	297.20	509.91	297.20	-1	
4472323330	SMP	1	504.89	331.35	504.89	331.35	-1	
4472331572	SMP	1	513.75	328.76	513.75	328.76	-1	
4472339928	SMP	1	481.81	335.96	481.81	335.96	-1	
4472348292	SMP	1	512.16	314.08	512.16	314.08	-1	
4472356674	SMP	1	493.60	321.89	493.60	321.89	-1	
4472364949	SMP	1	474.59	286.14	474.59	286.14	-1	
4472373337	SMP	1	442.61	343.02	442.61	343.02	-1	
4472381665	SMP	1	441.89	319.38	441.89	319.38	-1	
4472390064	SMP	1	421.73	296.78	421.73	296.78	-1	
4472398295	SMP	1	416.74	311.96	416.74	311.96	-1	
4472406659	SMP	1	418.34	307.64	418.34	307.64	-1	
4472415073	SMP	1	417.24	343.42	417.24	343.42	-1	
4472423423	SMP	1	378.60	325.35	378.60	325.35	-1	
4472431671	SMP	1	413.72	295.86	413.72	295.86	-1	
4472440072	SMP	1	436.41	299.42	436.41	299.42	-1	
4472448446	SMP	1	430.11	280.03	430.11	280.03	-1	
4472456811	SMP	1	439.49	293.71	439.49	293.71	-1	
4472465036	SMP	1	452.38	299.39	452.38	299.39	-1	
4472473416	SMP	1	415.21	299.65	415.21	299.65	-1	
4472481786	SMP	1	463.56	283.04	463.56	283.04	-1	
4472490084	SMP	1	454.74	328.73	454.74	328.73	-1	
4472498405	SMP	1	442.77	305.22	442.77	305.22	-1	
4472506797	SMP	1	427.69	327.45	427.69	327.45	-1	
4472515173	SMP	1	437.22	308.37	437.22	308.37	-1	
4472523457	SMP	1	454.59	325.89	454.59	325.89	-1	
4472531818	SMP	1	468.97	168.75	468.97	168.75	-1	
4472540181	SMP	1	440.74	268.82	440.74	268.82	-1	
4472548535	SMP	1	442.19	347.20	442.19	347.20	-1	
4472556783	SMP	1	423.79	315.24	423.79	315.24	-1	
4472565178	SMP	1	436.74	378.16	436.74	378.16	-1	
4472573585	SMP	1	290.22	347.61	290.22	347.61	-1	
4472581924	SMP	1	389.63	292.62	389.63	292.62	-1	
4472590195	SMP	1	449.38	304.53	449.38	304.53	-1	
4472598516	SMP	1	395.53	289.27	395.53	289.27	-1	
4472606937	SMP	1	444.84	374.93	444.84	374.93	-1	
4472615371	SMP	1	380.23	391.22	380.23	391.22	-1	
4472623566	SMP	1	451.32	272.97	451.32	272.97	-1	
4472631912	SMP	1	434.77	369.41	434.77	369.41	-1	
4472640311	SMP	1	438.38	361.31	438.38	361.31	-1	
4472648538	SMP	1	445.35	366.03	445.35	366.03	-1	
4472656935	SMP	1	439.32	309.19	439.32	309.19	-1	
4472665314	SMP	1	496.62	352.49	496.62	352.49	-1	
4472673668	SMP	1	443.20	321.64	443.20	321.64	-1	
4472681917	SMP	1	383.47	483.47	383.47	483.47	-1	
4472690325	SMP	1	879.05	348.93	879.05	348.93	-1	
4472698643	SMP	1	670.48	462.33	670.48	462.33	-1	
4472707035	SMP	1	687.51	301.17	687.51	301.17	-1	
4472715242	SMP	1	656.77	409.21	656.77	409.21	-1	
4472723665	SMP	1	674.92	391.57	674.92	391.57	-1	
4472732072	SMP	1	662.17	397.17	662.17	397.17	-1	
4472740324	SMP	1	660.41	362.95	660.41	362.95	-1	
4472748672	SMP	1	658.52	401.04	658.52	401.04	-1	
4472757034	SMP	1	676.74	372.19	676.74	372.19	-1	
4472765547	SMP	1	659.79	395.96	659.79	395.96	-1	
4472773702	SMP	1	650.18	421.84	650.18	421.84	-1	
4472782031	SMP	1	662.28	426.19	662.28	426.19	-1	
4472790383	SMP	1	743.46	380.45	743.46	380.45	-1	
4472798781	SMP	1	661.49	373.73	661.49	373.73	-1	
4472807161	SMP	1	665.32	378.94	665.32	378.94	-1	
4472815509	SMP	1	666.86	423.53	666.86	423.53	-1	
4472823809	SMP	1	670.22	404.96	670.22	404.96	-1	
4472832177	SMP	1	738.96	391.32	738.96	391.32	-1	
4472840429	SMP	1	680.26	374.06	680.26	374.06	-1	
4472848802	SMP	1	664.18	411.64	664.18	411.64	-1	
4472857163	SMP	1	768.85	368.01	768.85	368.01	-1	
4472865530	SMP	1	781.09	371.20	781.09	371.20	-1	
4472873755	SMP	1	679.72	420.50	679.72	420.50	-1	
4472882122	SMP	1	689.31	393.59	689.31	393.59	-1	
4472890578	SMP	1	779.58	400.80	779.58	400.80	-1	
4472898798	SMP	1	667.92	388.09	667.92	388.09	-1	
4472907189	SMP	1	733.80	401.54	733.80	401.54	-1	
4472915492	SMP	1	714.84	407.25	714.84	407.25	-1	
4472923978	SMP	1	691.60	410.79	691.60	410.79	-1	
4472932180	SMP	1	683.32	416.45	683.32	416.45	-1	
4472940566	SMP	1	702.38	403.42	702.38	403.42	-1	
4472948914	SMP	1	676.10	380.38	676.10	380.38	-1	
4472957285	SMP	1	805.33	403.36	805.33	403.36	-1	
4472965493	SMP	1	743.22	391.66	743.22	391.66	-1	
4472973953	SMP	1	697.40	323.84	697.40	323.84	-1	
4472982417	SMP	1	724.68	341.36	724.68	341.36	-1	
4472990650	SMP	1	758.94	371.17	758.94	371.17	-1	
4472998890	SMP	1	734.47	378.35	734.47	378.35	-1	
4473007285	SMP	1	722.16	367.04	722.16	367.04	-1	
4473015645	SMP	1	731.48	346.54	731.48	346.54	-1	
4473023895	SMP	1	731.00	337.20	731.00	337.20	-1	
4473032304	SMP	1	793.70	330.66	793.70	330.66	-1	
4473040667	SMP	1	730.77	336.99	730.77	336.99	-1	
4473049062	SMP	1	742.61	332.73	742.61	332.73	-1	
4473057298	SMP	1	762.54	336.71	762.54	336.71	-1	
4473065623	SMP	1	752.28	336.72	752.28	336.72	-1	
4473074041	SMP	1	744.08	316.17	744.08	316.17	-1	
4473082415	SMP	1	739.62	317.23	739.62	317.23	-1	
4473090694	SMP	1	766.80	315.42	766.80	315.42	-1	
4473099007	SMP	1	765.56	317.17	765.56	317.17	-1	
4473107411	SMP	1	773.03	313.81	773.03	313.81	-1	
4473115781	SMP	1	759.34	315.04	759.34	315.04	-1	
4473124029	SMP	1	777.48	310.23	777.48	310.23	-1	
4473132445	SMP	1	767.53	318.68	767.53	318.68	-1	
4473140810	SMP	1	758.56	308.38	758.56	308.38	-1	
4473149010	SMP	1	760.80	306.52	760.80	306.52	-1	
4473157427	SMP	1	757.07	302.30	757.07	302.30	-1	
4473165815	SMP	1	749.38	304.96	749.38	304.96	-1	
4473174166	SMP	1	743.67	310.09	743.67	310.09	-1	
4473182355	SMP	1	748.85	306.41	748.85	306.41	-1	
4473190809	SMP	1	736.20	305.20	736.20	305.20	-1	
4473199156	SMP	1	735.74	301.17	735.74	301.17	-1	
4473207550	SMP	1	746.03	305.44	746.03	305.44	-1	
4473215810	SMP	1	732.11	299.78	732.11	299.78	-1	
4473224211	SMP	1	728.03	302.11	728.03	302.11	-1	
4473232521	SMP	1	740.48	294.01	740.48	294.01	-1	
4473240912	SMP	1	727.70	296.69	727.70	296.69	-1	
4473249173	SMP	1	737.19	287.47	737.19	287.47	-1	
4473257533	SMP	1	744.95	295.57	744.95	295.57	-1	
4473265921	SMP	1	735.87	293.43	735.87	293.43	-1	
4473274161	SMP	1	738.75	313.35	738.75	313.35	-1	
4473282529	SMP	1	744.51	294.93	744.51	294.93	-1	
4473290948	SMP	1	739.69	316.27	739.69	316.27	-1	
4473299238	SMP	1	748.22	293.19	748.22	293.19	-1	
4473307526	SMP	1	748.81	281.12	748.81	281.12	-1	
4473315906	SMP	1	758.35	291.59	758.35	291.59	-1	
4473324358	SMP	1	742.27	287.53	742.27	287.53	-1	
4473332630	SMP	1	751.60	286.23	751.60	286.23	-1	
4473340938	SMP	1	746.28	288.77	746.28	288.77	-1	
4473349274	SMP	1	743.52	288.32	743.52	288.32	-1	
4473357655	SMP	1	741.41	296.62	741.41	296.62	-1	
4473366037	SMP	1	752.04	286.11	752.04	286.11	-1	
4473374444	SMP	1	749.64	285.93	749.64	285.93	-1	
4473382661	SMP	1	753.18	285.64	753.18	285.64	-1	
4473391030	SMP	1	769.78	285.57	769.78	285.57	-1	
4473399382	SMP	1	758.94	286.75	758.94	286.75	-1	
4473407673	SMP	1	751.94	283.67	751.94	283.67	-1	
4473416041	SMP	1	756.87	284.62	756.87	284.62	-1	
4473424462	SMP	1	747.17	283.58	747.17	283.58	-1	
4473432652	SMP	1	774.87	287.89	774.87	287.89	-1	
4473441055	SMP	1	756.47	287.32	756.47	287.32	-1	
4473449414	SMP	1	773.26	292.40	773.26	292.40	-1	
4473457799	SMP	1	770.12	287.50	770.12	287.50	-1	
4473466038	SMP	1	761.05	287.27	761.05	287.27	-1	
4473474370	SMP	1	763.15	290.70	763.15	290.70	-1	
4473482814	SMP	1	762.81	288.91	762.81	288.91	-1	
4473491157	SMP	1	765.17	293.35	765.17	293.35	-1	
4473499384	SMP	1	754.08	300.42	754.08	300.42	-1	
4473507768	SMP	1	749.57	296.96	749.57	296.96	-1	
4473516166	SMP	1	748.40	298.94	748.40	298.94	-1	
4473524487	SMP	1	764.53	296.98	764.53	296.98	-1	
4473532776	SMP	1	768.84	302.87	768.84	302.87	-1	
4473541189	SMP	1	769.24	290.46	769.24	290.46	-1	
4473549521	SMP	1	761.54	303.20	761.54	303.20	-1	
4473557766	SMP	1	767.03	297.47	767.03	297.47	-1	
4473566179	SMP	1	751.59	302.74	751.59	302.74	-1	
4473574518	SMP	1	758.53	304.77	758.53	304.77	-1	
4473582895	SMP	1	773.43	303.15	773.43	303.15	-1	
4473591207	SMP	1	773.39	300.26	773.39	300.26	-1	
4473599516	SMP	1	784.07	306.34	784.07	306.34	-1	
4473607936	SMP	1	772.58	296.32	772.58	296.32	-1	
4473616298	SMP	1	757.92	315.22	757.92	315.22	-1	
4473624478	SMP	1	764.60	302.20	764.60	302.20	-1	
4473632896	SMP	1	771.87	310.88	771.87	310.88	-1	
4473641279	SMP	1	784.94	297.62	784.94	297.62	-1	
4473649670	SMP	1	755.44	330.47	755.44	330.47	-1	
4473657927	SMP	1	777.49	358.97	777.49	358.97	-1	
4473666278	SMP	1	775.73	318.98	775.73	318.98	-1	
4473674651	SMP	1	775.32	320.20	775.32	320.20	-1	
4473682887	SMP	1	761.64	339.49	761.64	339.49	-1	
4473691315	SMP	1	778.50	305.57	778.50	305.57	-1	
4473699642	SMP	1	783.30	323.27	783.30	323.27	-1	
4473708023	SMP	1	808.94	332.03	808.94	332.03	-1	
4473716236	SMP	1	782.21	336.73	782.21	336.73	-1	
4473724684	SMP	1	840.52	305.68	840.52	305.68	-1	
4473733043	SMP	1	789.88	267.04	789.88	267.04	-1	
4473741433	SMP	1	780.04	353.66	780.04	353.66	-1	
4473749645	SMP	1	692.49	286.15	692.49	286.15	-1	
4473758022	SMP	1	782.58	391.21	782.58	391.21	-1	
4473766416	SMP	1	834.06	262.25	834.06	262.25	-1	
4473774823	SMP	1	694.37	262.78	694.37	262.78	-1	
4473783032	SMP	1	797.20	321.04	797.20	321.04	-1	
4473791394	SMP	1	735.21	291.08	735.21	291.08	-1	
4473799784	SMP	1	787.83	286.03	787.83	286.03	-1	
4473808180	SMP	1	846.48	173.51	846.48	173.51	-1	
4473816414	SMP	1	751.41	312.63	751.41	312.63	-1	
4473824781	SMP	1	755.96	398.54	755.96	398.54	-1	
4473833145	SMP	1	751.43	281.99	751.43	281.99	-1	
4473841388	SMP	1	899.68	234.64	899.68	234.64	-1	
4473849813	SMP	1	859.46	262.81	859.46	262.81	-1	
4473858222	SMP	1	751.94	410.21	751.94	410.21	-1	
4473866527	SMP	1	736.80	297.42	736.80	297.42	-1	
4473874765	SMP	1	752.84	286.20	752.84	286.20	-1	
4473883186	SMP	1	750.38	287.04	750.38	287.04	-1	
4473891551	SMP	1	760.24	280.56	760.24	280.56	-1	
4473899891	SMP	1	786.03	340.62	786.03	340.62	-1	
4473908136	SMP	1	752.10	292.47	752.10	292.47	-1	
4473916476	SMP	1	734.85	279.41	734.85	279.41	-1	
4473924886	SMP	1	753.28	277.85	753.28	277.85	-1	
4473933253	SMP	1	746.38	404.46	746.38	404.46	-1	
4473941550	SMP	1	832.81	374.68	832.81	374.68	-1	
4473949907	SMP	1	777.69	332.17	777.69	332.17	-1	
4473958288	SMP	1	836.55	306.41	836.55	306.41	-1	
4473966542	SMP	1	773.37	376.83	773.37	376.83	-1	
4473974915	SMP	1	764.38	385.77	764.38	385.77	-1	
4473983267	SMP	1	686.36	263.12	686.36	263.12	-1	
4473991646	SMP	1	782.22	329.60	782.22	329.60	-1	
4473999881	SMP	1	782.12	279.09	782.12	279.09	-1	
4474008310	SMP	1	764.04	378.67	764.04	378.67	-1	
4474016664	SMP	1	779.53	289.11	779.53	289.11	-1	
4474025027	SMP	1	782.16	328.94	782.16	328.94	-1	
4474033263	SMP	1	779.60	331.40	779.60	331.40	-1	
4474041652	SMP	1	763.05	289.25	763.05	289.25	-1	
4474050040	SMP	1	704.66	326.81	704.66	326.81	-1	
4474058359	SMP	1	654.07	359.82	654.07	359.82	-1	
4474066655	SMP	1	413.88	415.45	413.88	415.45	-1	
4474075017	SMP	1	502.61	371.43	502.61	371.43	-1	
4474083372	SMP	1	512.88	337.36	512.88	337.36	-1	
4474091672	SMP	1	491.12	351.22	491.12	351.22	-1	
4474100002	SMP	1	511.10	328.51	511.10	328.51	-1	
4474108408	SMP	1	477.70	346.00	477.70	346.00	-1	
4474116769	SMP	1	483.01	357.37	483.01	357.37	-1	
4474125042	SMP	1	488.01	352.09	488.01	352.09	-1	
4474133398	SMP	1	508.18	350.03	508.18	350.03	-1	
4474141773	SMP	1	492.67	411.82	492.67	411.82	-1	
4474150183	SMP	1	462.70	373.19	462.70	373.19	-1	
4474158347	SMP	1	499.52	348.18	499.52	348.18	-1	
4474166738	SMP	1	485.38	347.56	485.38	347.56	-1	
4474175166	SMP	1	467.87	410.39	467.87	410.39	-1	
4474183530	SMP	1	470.55	340.29	470.55	340.29	-1	
4474191767	SMP	1	439.80	368.70	439.80	368.70	-1	
4474200174	SMP	1	448.42	342.39	448.42	342.39	-1	
4474208536	SMP	1	458.42	343.22	458.42	343.22	-1	
4474216795	SMP	1	446.30	363.22	446.30	363.22	-1	
4474225135	SMP	1	466.62	355.53	466.62	355.53	-1	
4474233526	SMP	1	454.78	339.34	454.78	339.34	-1	
4474241877	SMP	1	454.44	346.05	454.44	346.05	-1	
4474250149	SMP	1	466.87	381.13	466.87	381.13	-1	
4474258517	SMP	1	451.94	352.02	451.94	352.02	-1	
4474266922	SMP	1	446.75	336.69	446.75	336.69	-1	
4474275269	SMP	1	465.61	341.73	465.61	341.73	-1	
4474283563	SMP	1	492.45	340.88	492.45	340.88	-1	
4474291895	SMP	1	492.60	333.38	492.60	333.38	-1	
4474300240	SMP	1	458.36	344.83	458.36	344.83	-1	
4474308609	SMP	1	453.40	388.14	453.40	388.14	-1	
4474316898	SMP	1	508.86	329.40	508.86	329.40	-1	
4474325329	SMP	1	482.14	348.46	482.14	348.46	-1	
4474333680	SMP	1	475.48	370.94	475.48	370.94	-1	
4474342007	SMP	1	470.32	344.52	470.32	344.52	-1	
4474350268	SMP	1	454.45	412.86	454.45	412.86	-1	
4474358634	SMP	1	407.52	396.33	407.52	396.33	-1	
4474367050	SMP	1	483.06	337.95	483.06	337.95	-1	
4474375405	SMP	1	460.06	359.38	460.06	359.38	-1	
4474383627	SMP	1	481.07	333.15	481.07	333.15	-1	
4474391997	SMP	1	492.22	345.81	492.22	345.81	-1	
4474400386	SMP	1	490.39	341.86	490.39	341.86	-1	
4474408665	SMP	1	496.12	344.16	496.12	344.16	-1	
4474417039	SMP	1	615.38	347.44	615.38	347.44	-1	
4474425455	SMP	1	488.92	336.28	488.92	336.28	-1	
4474433763	SMP	1	487.75	345.20	487.75	345.20	-1	
4474442013	SMP	1	492.54	336.65	492.54	336.65	-1	
4474450405	SMP	1	502.61	335.42	502.61	335.42	-1	
4474458768	SMP	1	486.79	333.40	486.79	333.40	-1	
4474467164	SMP	1	492.45	340.11	492.45	340.11	-1	
4474475387	SMP	1	476.94	330.02	476.94	330.02	-1	
4474483745	SMP	1	462.20	338.24	462.20	338.24	-1	
4474492136	SMP	1	469.55	314.49	469.55	314.49	-1	
4474500372	SMP	1	460.45	332.07	460.45	332.07	-1	
4474508754	SMP	1	463.16	324.71	463.16	324.71	-1	
4474517150	SMP	1	457.28	329.95	457.28	329.95	-1	
4474525516	SMP	1	466.07	325.25	466.07	325.25	-1	
4474533783	SMP	1	473.92	374.53	473.92	374.53	-1	
4474542138	SMP	1	456.98	325.63	456.98	325.63	-1	
4474550490	SMP	1	444.89	327.29	444.89	327.29	-1	
4474558905	SMP	1	454.86	332.67	454.86	332.67	-1	
4474567271	SMP	1	455.26	353.79	455.26	353.79	-1	
4474575528	SMP	1	736.76	299.48	736.76	299.48	-1	
4474583885	SMP	1	844.74	329.94	844.74	329.94	-1	
4474592248	SMP	1	460.34	335.14	460.34	335.14	-1	
4474600527	SMP	1	220.73	473.34	220.73	473.34	-1	
4474608907	SMP	1	360.25	319.68	360.25	319.68	-1	
4474633914	SMP	1	0.00	0.00	0.00	0.00	-1	
4474642271	SMP	1	107.55	587.81	107.55	587.81	-1	
4474650634	SMP	1	267.33	346.65	267.33	346.65	-1	
4474658908	SMP	1	0.09	0.00	0.09	0.00	-1	
4474667290	SMP	1	0.06	0.00	0.06	0.00	-1	
4474675573	SMP	1	0.04	0.00	0.04	0.00	-1	
4474684026	SMP	1	0.03	0.00	0.03	0.00	-1	
4474692270	SMP	1	0.03	0.00	0.03	0.00	-1	
4474700580	SMP	1	0.02	0.00	0.02	0.00	-1	
4474708995	SMP	1	0.02	0.00	0.02	0.00	-1	
4474717404	SMP	1	0.02	0.00	0.02	0.00	-1	
4474725627	SMP	1	0.02	0.00	0.02	0.00	-1	
4474734016	SMP	1	0.00	0.00	0.00	0.00	-1	
4474742379	SMP	1	0.00	0.00	0.00	0.00	-1	
4474750741	SMP	1	0.00	0.00	0.00	0.00	-1	
4474759049	SMP	1	0.00	0.00	0.00	0.00	-1	
4474767415	SMP	1	836.64	786.29	836.64	786.29	-1	
4474775750	SMP	1	829.91	493.19	829.91	493.19	-1	
4474783992	SMP	1	724.88	348.91	724.88	348.91	-1	
4474792412	SMP	1	731.19	374.01	731.19	374.01	-1	
4474800774	SMP	1	721.33	371.14	721.33	371.14	-1	
4474809119	SMP	1	720.19	375.27	720.19	375.27	-1	
4474817395	SMP	1	711.50	366.48	711.50	366.48	-1	
4474825765	SMP	1	714.50	373.82	714.50	373.82	-1	
4474834113	SMP	1	711.77	368.72	711.77	368.72	-1	
4474842520	SMP	1	712.21	385.36	712.21	385.36	-1	
4474850765	SMP	1	716.92	360.15	716.92	360.15	-1	
4474859168	SMP	1	450.16	59.00	450.16	59.00	-1	
4474867523	SMP	1	0.00	7.44	0.00	7.44	-1	
4474875925	SMP	1	0.00	3.95	0.00	3.95	-1	
4474884120	SMP	1	0.00	2.67	0.00	2.67	-1	
4474892497	SMP	1	0.00	2.00	0.00	2.00	-1	
4474900853	SMP	1	0.00	1.59	0.00	1.59	-1	
4474909239	SMP	1	0.00	1.31	0.00	1.31	-1	
4474917508	SMP	1	0.00	1.10	0.00	1.10	-1	
4474925915	SMP	1	0.00	0.95	0.00	0.95	-1	
4474934479	SMP	1	0.00	0.82	0.00	0.82	-1	
4474942505	SMP	1	0.00	0.72	0.00	0.72	-1	
4474950845	SMP	1	0.00	0.00	0.00	0.00	-1	
4474959262	SMP	1	0.00	0.00	0.00	0.00	-1	
4474967632	SMP	1	0.00	0.00	0.00	0.00	-1	
4474975874	SMP	1	0.00	0.00	0.00	0.00	-1	
4474984342	SMP	1	0.00	0.00	0.00	0.00	-1	
4474992572	SMP	1	0.00	0.00	0.00	0.00	-1	
4475001052	SMP	1	0.00	0.00	0.00	0.00	-1	
4475009265	SMP	1	0.00	0.00	0.00	0.00	-1	
4475017628	SMP	1	0.00	0.00	0.00	0.00	-1	
4475025996	SMP	1	0.00	0.00	0.00	0.00	-1	
4475034275	SMP	1	0.00	0.00	0.00	0.00	-1	
4475042658	SMP	1	0.00	0.00	0.00	0.00	-1	
4475050995	SMP	1	0.00	0.00	0.00	0.00	-1	
4475059328	SMP	1	0.00	0.00	0.00	0.00	-1	
4475067653	SMP	1	0.00	0.00	0.00	0.00	-1	
4475076054	SMP	1	0.00	0.00	0.00	0.00	-1	
4475084497	SMP	1	0.00	0.00	0.00	0.00	-1	
4475088267	MSG	1	# Message: blank.jpg
4475092758	SMP	1	0.00	0.00	0.00	0.00	-1	
4475100958	SMP	1	0.00	0.00	0.00	0.00	-1	
4475109437	SMP	1	0.00	0.00	0.00	0.00	-1	
4475117798	SMP	1	0.00	0.00	0.00	0.00	-1	
4475126310	SMP	1	0.00	0.00	0.00	0.00	-1	
4475134420	SMP	1	0.00	0.00	0.00	0.00	-1	
4475142760	SMP	1	0.00	0.00	0.00	0.00	-1	
4475151093	SMP	1	0.00	0.00	0.00	0.00	-1	
4475159535	SMP	1	0.00	0.00	0.00	0.00	-1	
4475167785	SMP	1	0.00	0.00	0.00	0.00	-1	
4475176121	SMP	1	0.00	0.00	0.00	0.00	-1	
4475184440	SMP	1	0.00	0.00	0.00	0.00	-1	
4475192787	SMP	1	875.77	376.84	875.77	376.84	-1	
4475201157	SMP	1	964.52	289.28	964.52	289.28	-1	
4475209489	SMP	1	0.00	0.00	0.00	0.00	-1	
4475217890	SMP	1	530.58	290.98	530.58	290.98	-1	
4475226128	SMP	1	580.20	392.98	580.20	392.98	-1	
4475234449	SMP	1	554.86	364.72	554.86	364.72	-1	
4475242882	SMP	1	867.97	213.16	867.97	213.16	-1	
4475251254	SMP	1	0.00	0.00	0.00	0.00	-1	
4475259484	SMP	1	855.02	189.73	855.02	189.73	-1	
4475417636	SMP	1	0.00	0.00	0.00	0.00	-1	
4475490255	SMP	1	683.26	293.56	683.26	293.56	-1	
4475498353	SMP	1	763.32	309.05	763.32	309.05	-1	
4475506732	SMP	1	767.60	267.15	767.60	267.15	-1	
4475515033	SMP	1	717.20	302.53	717.20	302.53	-1	
4475523364	SMP	1	739.88	272.41	739.88	272.41	-1	
4475531729	SMP	1	601.81	331.92	601.81	331.92	-1	
4475540116	SMP	1	603.73	509.90	603.73	509.90	-1	
4475548389	SMP	1	579.42	582.96	579.42	582.96	-1	
4475556740	SMP	1	562.78	670.34	562.78	670.34	-1	
4475565152	SMP	1	537.19	684.72	537.19	684.72	-1	
4475573509	SMP	1	544.45	725.45	544.45	725.45	-1	
4475581737	SMP	1	552.28	700.72	552.28	700.72	-1	
4475590123	SMP	1	547.59	705.45	547.59	705.45	-1	
4475598523	SMP	1	496.03	714.89	496.03	714.89	-1	
4475606752	SMP	1	534.87	705.44	534.87	705.44	-1	
4475615102	SMP	1	542.12	716.46	542.12	716.46	-1	
4475623500	SMP	1	520.00	709.46	520.00	709.46	-1	
4475631866	SMP	1	521.02	706.44	521.02	706.44	-1	
4475640147	SMP	1	532.34	704.37	532.34	704.37	-1	
4475648486	SMP	1	544.36	703.67	544.36	703.67	-1	
4475656872	SMP	1	520.70	703.58	520.70	703.58	-1	
4475665236	SMP	1	522.83	700.98	522.83	700.98	-1	
4475673485	SMP	1	542.45	697.02	542.45	697.02	-1	
4475681865	SMP	1	506.07	698.73	506.07	698.73	-1	
4475690246	SMP	1	540.19	695.01	540.19	695.01	-1	
4475698590	SMP	1	513.82	696.75	513.82	696.75	-1	
4475706852	SMP	1	531.59	688.66	531.59	688.66	-1	
4475715298	SMP	1	530.95	696.26	530.95	696.26	-1	
4475723644	SMP	1	538.01	642.47	538.01	642.47	-1	
4475732074	SMP	1	532.95	695.09	532.95	695.09	-1	
4475740243	SMP	1	524.74	689.12	524.74	689.12	-1	
4475748630	SMP	1	502.29	625.11	502.29	625.11	-1	
4475757017	SMP	1	536.09	708.14	536.09	708.14	-1	
4475765267	SMP	1	524.32	711.14	524.32	711.14	-1	
4475773641	SMP	1	532.41	714.85	532.41	714.85	-1	
4475781981	SMP	1	531.46	679.17	531.46	679.17	-1	
4475790302	SMP	1	534.45	718.78	534.45	718.78	-1	
4475798607	SMP	1	530.12	713.91	530.12	713.91	-1	
4475807008	SMP	1	523.65	683.95	523.65	683.95	-1	
4475815341	SMP	1	531.75	719.07	531.75	719.07	-1	
4475823732	SMP	1	540.69	721.17	540.69	721.17	-1	
4475832014	SMP	1	522.67	723.64	522.67	723.64	-1	
4475840405	SMP	1	532.81	728.83	532.81	728.83	-1	
4475848756	SMP	1	469.70	805.51	469.70	805.51	-1	
4475857109	SMP	1	531.42	696.00	531.42	696.00	-1	
4475865410	SMP	1	535.90	693.74	535.90	693.74	-1	
4475873745	SMP	1	521.86	710.86	521.86	710.86	-1	
4475882241	SMP	1	529.69	677.61	529.69	677.61	-1	
4475890434	SMP	1	546.14	651.41	546.14	651.41	-1	
4475898772	SMP	1	557.23	540.07	557.23	540.07	-1	
