## [iView]
## Converted from:	F:\transfer\to convert\negtracker5_3\021713_03-eye_data.idf
## Date:	17.02.2013 22:07:42
## Version:	IDF Converter 3.0.16
## IDF Version:	9
## Sample Rate:	120
## Separator Type:	Msg
## Trial Count:	1
## Uses Plane File:	False
## Number of Samples:	1554                                                                                                                                                                                                                                                            
## Reversed:	none
## [Run]
## Subject:	021713_03                                                                                                                                                                                                                                                       
## Description:	                                                                                                                                                                                                                                                                
## [Calibration]
## Calibration Type:	5-point
## Calibration Area:	1680	1050
## Calibration Point 0:	Position(840;525)
## Calibration Point 1:	Position(420;105)
## Calibration Point 2:	Position(1512;262)
## Calibration Point 3:	Position(1260;945)
## Calibration Point 4:	Position(167;787)
## [Geometry]
## Stimulus Dimension [mm]:	474	297
## Head Distance [mm]:	700
## [Hardware Setup]
## System ID:	IVR-X-1040-05197-SMU
## Operating System :	5.1
## iView X Version:	2.7.13
## [Filter Settings]
## Heuristic:	False
## Heuristic Stage:	0
## Bilateral:	True
## Gaze Cursor Filter:	True
## Saccade Length [px]:	80
## Filter Depth [ms]:	20
## Format:	LEFT, RIGHT, POR, MSG, FRAMECOUNTER
## 
Time	Type	Trial	L POR X [px]	L POR Y [px]	R POR X [px]	R POR Y [px]	Frame	Aux1
4317459097	SMP	1	0.00	0.00	0.00	0.00	-1	
4317509055	SMP	1	0.00	0.00	0.00	0.00	-1	
4317559263	SMP	1	0.00	0.00	0.00	0.00	-1	
4317609254	SMP	1	0.00	0.00	0.00	0.00	-1	
4317659268	SMP	1	0.00	0.00	0.00	0.00	-1	
4317709290	SMP	1	0.00	0.00	0.00	0.00	-1	
4317759266	SMP	1	0.00	0.00	0.00	0.00	-1	
4317809382	SMP	1	0.00	0.00	0.00	0.00	-1	
4317859414	SMP	1	0.00	0.00	0.00	0.00	-1	
4317909414	SMP	1	0.00	0.00	0.00	0.00	-1	
4317959337	SMP	1	0.00	0.00	0.00	0.00	-1	
4318009500	SMP	1	0.00	0.00	0.00	0.00	-1	
4318059426	SMP	1	0.00	0.00	0.00	0.00	-1	
4318109538	SMP	1	0.00	0.00	0.00	0.00	-1	
4318159546	SMP	1	0.00	0.00	0.00	0.00	-1	
4318209550	SMP	1	0.00	0.00	0.00	0.00	-1	
4318259496	SMP	1	0.00	0.00	0.00	0.00	-1	
4318309764	SMP	1	0.00	0.00	0.00	0.00	-1	
4318359572	SMP	1	0.00	0.00	0.00	0.00	-1	
4318409650	SMP	1	0.00	0.00	0.00	0.00	-1	
4318459608	SMP	1	0.00	0.00	0.00	0.00	-1	
4318509541	SMP	1	0.00	0.00	0.00	0.00	-1	
4318963739	MSG	1	# Message: elmo_duck.avi
4319009824	SMP	1	0.00	0.00	0.00	0.00	-1	
4319059852	SMP	1	0.00	0.00	0.00	0.00	-1	
4319109938	SMP	1	0.00	0.00	0.00	0.00	-1	
4319160158	SMP	1	0.00	0.00	0.00	0.00	-1	
4319210524	SMP	1	0.00	0.00	0.00	0.00	-1	
4319260009	SMP	1	0.00	0.00	0.00	0.00	-1	
4319310056	SMP	1	0.00	0.00	0.00	0.00	-1	
4319360058	SMP	1	0.00	0.00	0.00	0.00	-1	
4319410170	SMP	1	0.00	0.00	0.00	0.00	-1	
4319460007	SMP	1	0.00	0.00	0.00	0.00	-1	
4319510076	SMP	1	0.00	0.00	0.00	0.00	-1	
4319560474	SMP	1	0.00	0.00	0.00	0.00	-1	
4319610384	SMP	1	0.00	0.00	0.00	0.00	-1	
4319660161	SMP	1	0.00	0.00	0.00	0.00	-1	
4319710240	SMP	1	0.00	0.00	0.00	0.00	-1	
4319760207	SMP	1	0.00	0.00	0.00	0.00	-1	
4319810200	SMP	1	0.00	0.00	0.00	0.00	-1	
4319860306	SMP	1	0.00	0.00	0.00	0.00	-1	
4319910284	SMP	1	0.00	0.00	0.00	0.00	-1	
4319961098	SMP	1	0.00	0.00	0.00	0.00	-1	
4320011404	SMP	1	0.00	0.00	0.00	0.00	-1	
4320060408	SMP	1	0.00	0.00	0.00	0.00	-1	
4320110371	SMP	1	0.00	0.00	0.00	0.00	-1	
4320160443	SMP	1	0.00	0.00	0.00	0.00	-1	
4320210503	SMP	1	0.00	0.00	0.00	0.00	-1	
4320260599	SMP	1	0.00	0.00	0.00	0.00	-1	
4320310514	SMP	1	0.00	0.00	0.00	0.00	-1	
4320361274	SMP	1	0.00	0.00	0.00	0.00	-1	
4320410722	SMP	1	0.00	0.00	0.00	0.00	-1	
4320460601	SMP	1	0.00	0.00	0.00	0.00	-1	
4320510498	SMP	1	0.00	0.00	0.00	0.00	-1	
4320560659	SMP	1	0.00	0.00	0.00	0.00	-1	
4320610692	SMP	1	0.00	0.00	0.00	0.00	-1	
4320660620	SMP	1	0.00	0.00	0.00	0.00	-1	
4320710689	SMP	1	0.00	0.00	0.00	0.00	-1	
4320760927	SMP	1	0.00	0.00	0.00	0.00	-1	
4320810879	SMP	1	0.00	0.00	0.00	0.00	-1	
4320860963	SMP	1	0.00	0.00	0.00	0.00	-1	
4320910829	SMP	1	0.00	0.00	0.00	0.00	-1	
4320960866	SMP	1	0.00	0.00	0.00	0.00	-1	
4321010778	SMP	1	0.00	0.00	0.00	0.00	-1	
4321060835	SMP	1	0.00	0.00	0.00	0.00	-1	
4321110932	SMP	1	0.00	0.00	0.00	0.00	-1	
4321161750	SMP	1	0.00	0.00	0.00	0.00	-1	
4321211074	SMP	1	0.00	0.00	0.00	0.00	-1	
4321260878	SMP	1	0.00	0.00	0.00	0.00	-1	
4321310965	SMP	1	0.00	0.00	0.00	0.00	-1	
4321361563	SMP	1	0.00	0.00	0.00	0.00	-1	
4321411028	SMP	1	0.00	0.00	0.00	0.00	-1	
4321461144	SMP	1	0.00	0.00	0.00	0.00	-1	
4321511029	SMP	1	0.00	0.00	0.00	0.00	-1	
4321561987	SMP	1	0.00	0.00	0.00	0.00	-1	
4321611339	SMP	1	0.00	0.00	0.00	0.00	-1	
4321661191	SMP	1	0.00	0.00	0.00	0.00	-1	
4321711149	SMP	1	0.00	0.00	0.00	0.00	-1	
4321761198	SMP	1	0.00	0.00	0.00	0.00	-1	
4321811259	SMP	1	0.00	0.00	0.00	0.00	-1	
4321861898	SMP	1	0.00	0.00	0.00	0.00	-1	
4321911252	SMP	1	0.00	0.00	0.00	0.00	-1	
4321961938	SMP	1	0.00	0.00	0.00	0.00	-1	
4322011335	SMP	1	0.00	0.00	0.00	0.00	-1	
4322061921	SMP	1	0.00	0.00	0.00	0.00	-1	
4322111403	SMP	1	0.00	0.00	0.00	0.00	-1	
4322161335	SMP	1	0.00	0.00	0.00	0.00	-1	
4322211396	SMP	1	0.00	0.00	0.00	0.00	-1	
4322261475	SMP	1	0.00	0.00	0.00	0.00	-1	
4322311678	SMP	1	0.00	0.00	0.00	0.00	-1	
4322362673	SMP	1	0.00	0.00	0.00	0.00	-1	
4322411896	SMP	1	0.00	0.00	0.00	0.00	-1	
4322461532	SMP	1	0.00	0.00	0.00	0.00	-1	
4322511552	SMP	1	0.00	0.00	0.00	0.00	-1	
4322561928	SMP	1	0.00	0.00	0.00	0.00	-1	
4322611629	SMP	1	0.00	0.00	0.00	0.00	-1	
4322662099	SMP	1	0.00	0.00	0.00	0.00	-1	
4322711653	SMP	1	0.00	0.00	0.00	0.00	-1	
4322762573	SMP	1	0.00	0.00	0.00	0.00	-1	
4322811791	SMP	1	0.00	0.00	0.00	0.00	-1	
4322862008	SMP	1	0.00	0.00	0.00	0.00	-1	
4322912080	SMP	1	0.00	0.00	0.00	0.00	-1	
4322961693	SMP	1	0.00	0.00	0.00	0.00	-1	
4323011764	SMP	1	0.00	0.00	0.00	0.00	-1	
4323062681	SMP	1	0.00	0.00	0.00	0.00	-1	
4323112012	SMP	1	0.00	0.00	0.00	0.00	-1	
4323162474	SMP	1	0.00	0.00	0.00	0.00	-1	
4323211886	SMP	1	0.00	0.00	0.00	0.00	-1	
4323262077	SMP	1	0.00	0.00	0.00	0.00	-1	
4323311987	SMP	1	0.00	0.00	0.00	0.00	-1	
4323361936	SMP	1	0.00	0.00	0.00	0.00	-1	
4323411982	SMP	1	0.00	0.00	0.00	0.00	-1	
4323462115	SMP	1	0.00	0.00	0.00	0.00	-1	
4323512057	SMP	1	0.00	0.00	0.00	0.00	-1	
4323562729	SMP	1	0.00	0.00	0.00	0.00	-1	
4323612290	SMP	1	0.00	0.00	0.00	0.00	-1	
4323662117	SMP	1	0.00	0.00	0.00	0.00	-1	
4323712126	SMP	1	0.00	0.00	0.00	0.00	-1	
4323762204	SMP	1	0.00	0.00	0.00	0.00	-1	
4323812243	SMP	1	0.00	0.00	0.00	0.00	-1	
4323862808	SMP	1	0.00	0.00	0.00	0.00	-1	
4323912285	SMP	1	0.00	0.00	0.00	0.00	-1	
4323964093	SMP	1	0.00	0.00	0.00	0.00	-1	
4324012435	SMP	1	0.00	0.00	0.00	0.00	-1	
4324062297	SMP	1	0.00	0.00	0.00	0.00	-1	
4324112296	SMP	1	0.00	0.00	0.00	0.00	-1	
4324162798	SMP	1	0.00	0.00	0.00	0.00	-1	
4324212431	SMP	1	0.00	0.00	0.00	0.00	-1	
4324262935	SMP	1	0.00	0.00	0.00	0.00	-1	
4324312545	SMP	1	0.00	0.00	0.00	0.00	-1	
4324362531	SMP	1	0.00	0.00	0.00	0.00	-1	
4324412564	SMP	1	0.00	0.00	0.00	0.00	-1	
4324462409	SMP	1	0.00	0.00	0.00	0.00	-1	
4324512475	SMP	1	0.00	0.00	0.00	0.00	-1	
4324562645	SMP	1	0.00	0.00	0.00	0.00	-1	
4324612584	SMP	1	0.00	0.00	0.00	0.00	-1	
4324663068	SMP	1	0.00	0.00	0.00	0.00	-1	
4324712632	SMP	1	0.00	0.00	0.00	0.00	-1	
4324763304	SMP	1	0.00	0.00	0.00	0.00	-1	
4324812748	SMP	1	0.00	0.00	0.00	0.00	-1	
4324862769	SMP	1	0.00	0.00	0.00	0.00	-1	
4324912711	SMP	1	0.00	0.00	0.00	0.00	-1	
4324985552	SMP	1	0.00	0.00	0.00	0.00	-1	
4324993684	SMP	1	0.00	0.00	0.00	0.00	-1	
4325002409	SMP	1	0.00	0.00	0.00	0.00	-1	
4325010456	SMP	1	0.00	0.00	0.00	0.00	-1	
4325018813	SMP	1	0.00	0.00	0.00	0.00	-1	
4325027024	SMP	1	0.00	0.00	0.00	0.00	-1	
4325035470	SMP	1	0.00	0.00	0.00	0.00	-1	
4325043795	SMP	1	0.00	0.00	0.00	0.00	-1	
4325052366	SMP	1	0.00	0.00	0.00	0.00	-1	
4325060461	SMP	1	0.00	0.00	0.00	0.00	-1	
4325068834	SMP	1	0.00	0.00	0.00	0.00	-1	
4325077175	SMP	1	0.00	0.00	0.00	0.00	-1	
4325085468	SMP	1	0.00	0.00	0.00	0.00	-1	
4325093796	SMP	1	0.00	0.00	0.00	0.00	-1	
4325102206	SMP	1	0.00	0.00	0.00	0.00	-1	
4325110535	SMP	1	0.00	0.00	0.00	0.00	-1	
4325118853	SMP	1	0.00	0.00	0.00	0.00	-1	
4325127164	SMP	1	0.00	0.00	0.00	0.00	-1	
4325135573	SMP	1	0.00	0.00	0.00	0.00	-1	
4325143919	SMP	1	0.00	0.00	0.00	0.00	-1	
4325152165	SMP	1	0.00	0.00	0.00	0.00	-1	
4325160677	SMP	1	0.00	0.00	0.00	0.00	-1	
4325168975	SMP	1	0.00	0.00	0.00	0.00	-1	
4325177162	SMP	1	0.00	0.00	0.00	0.00	-1	
4325185593	SMP	1	0.00	0.00	0.00	0.00	-1	
4325210583	SMP	1	0.00	0.00	0.00	0.00	-1	
4325218980	SMP	1	0.00	0.00	0.00	0.00	-1	
4325227302	SMP	1	0.00	0.00	0.00	0.00	-1	
4325235713	SMP	1	0.00	0.00	0.00	0.00	-1	
4325243934	SMP	1	0.00	0.00	0.00	0.00	-1	
4325252391	SMP	1	0.00	0.00	0.00	0.00	-1	
4325260695	SMP	1	0.00	0.00	0.00	0.00	-1	
4325269098	SMP	1	0.00	0.00	0.00	0.00	-1	
4325277297	SMP	1	0.00	0.00	0.00	0.00	-1	
4325285675	SMP	1	0.00	0.00	0.00	0.00	-1	
4325294083	SMP	1	0.00	0.00	0.00	0.00	-1	
4325302528	SMP	1	0.00	0.00	0.00	0.00	-1	
4325310719	SMP	1	0.00	0.00	0.00	0.00	-1	
4325319075	SMP	1	0.00	0.00	0.00	0.00	-1	
4325327503	SMP	1	0.00	0.00	0.00	0.00	-1	
4325335686	SMP	1	0.00	0.00	0.00	0.00	-1	
4325344046	SMP	1	0.00	0.00	0.00	0.00	-1	
4325352419	SMP	1	0.00	0.00	0.00	0.00	-1	
4325360802	SMP	1	0.00	0.00	0.00	0.00	-1	
4325369047	SMP	1	0.00	0.00	0.00	0.00	-1	
4325377449	SMP	1	0.00	0.00	0.00	0.00	-1	
4325385798	SMP	1	0.00	0.00	0.00	0.00	-1	
4325394182	SMP	1	0.00	0.00	0.00	0.00	-1	
4325402479	SMP	1	0.00	0.00	0.00	0.00	-1	
4325410819	SMP	1	0.00	0.00	0.00	0.00	-1	
4325419200	SMP	1	0.00	0.00	0.00	0.00	-1	
4325427582	SMP	1	0.00	0.00	0.00	0.00	-1	
4325435819	SMP	1	0.00	0.00	0.00	0.00	-1	
4325444187	SMP	1	0.00	0.00	0.00	0.00	-1	
4325452552	SMP	1	0.00	0.00	0.00	0.00	-1	
4325460820	SMP	1	0.00	0.00	0.00	0.00	-1	
4325469193	SMP	1	0.00	0.00	0.00	0.00	-1	
4325477539	SMP	1	0.00	0.00	0.00	0.00	-1	
4325486023	SMP	1	0.00	0.00	0.00	0.00	-1	
4325494533	SMP	1	0.00	0.00	0.00	0.00	-1	
4325504402	SMP	1	0.00	0.00	0.00	0.00	-1	
4325519339	SMP	1	0.00	0.00	0.00	0.00	-1	
4325527611	SMP	1	0.00	0.00	0.00	0.00	-1	
4325535939	SMP	1	0.00	0.00	0.00	0.00	-1	
4325544380	SMP	1	0.00	0.00	0.00	0.00	-1	
4325552819	SMP	1	0.00	0.00	0.00	0.00	-1	
4325561182	SMP	1	0.00	0.00	0.00	0.00	-1	
4325569302	SMP	1	0.00	0.00	0.00	0.00	-1	
4325577704	SMP	1	0.00	0.00	0.00	0.00	-1	
4325585925	SMP	1	0.00	0.00	0.00	0.00	-1	
4325594316	SMP	1	0.00	0.00	0.00	0.00	-1	
4325602715	SMP	1	0.00	0.00	0.00	0.00	-1	
4325611063	SMP	1	0.00	0.00	0.00	0.00	-1	
4325619334	SMP	1	0.00	0.00	0.00	0.00	-1	
4325627685	SMP	1	0.00	0.00	0.00	0.00	-1	
4325636090	SMP	1	0.00	0.00	0.00	0.00	-1	
4325644432	SMP	1	0.00	0.00	0.00	0.00	-1	
4325652665	SMP	1	0.00	0.00	0.00	0.00	-1	
4325661058	SMP	1	0.00	0.00	0.00	0.00	-1	
4325669460	SMP	1	0.00	0.00	0.00	0.00	-1	
4325686083	SMP	1	0.00	0.00	0.00	0.00	-1	
4325694452	SMP	1	0.00	0.00	0.00	0.00	-1	
4325702834	SMP	1	0.00	0.00	0.00	0.00	-1	
4325711168	SMP	1	0.00	0.00	0.00	0.00	-1	
4325719421	SMP	1	0.00	0.00	0.00	0.00	-1	
4325727870	SMP	1	0.00	0.00	0.00	0.00	-1	
4325736171	SMP	1	0.00	0.00	0.00	0.00	-1	
4325744459	SMP	1	0.00	0.00	0.00	0.00	-1	
4325752792	SMP	1	0.00	0.00	0.00	0.00	-1	
4325761168	SMP	1	0.00	0.00	0.00	0.00	-1	
4325769598	SMP	1	0.00	0.00	0.00	0.00	-1	
4325777821	SMP	1	0.00	0.00	0.00	0.00	-1	
4325786166	SMP	1	0.00	0.00	0.00	0.00	-1	
4325794539	SMP	1	0.00	0.00	0.00	0.00	-1	
4325802967	SMP	1	0.00	0.00	0.00	0.00	-1	
4325811212	SMP	1	0.00	0.00	0.00	0.00	-1	
4325819581	SMP	1	0.00	0.00	0.00	0.00	-1	
4325827918	SMP	1	0.00	0.00	0.00	0.00	-1	
4325836316	SMP	1	0.00	0.00	0.00	0.00	-1	
4325844516	SMP	1	0.00	0.00	0.00	0.00	-1	
4325852935	SMP	1	0.00	0.00	0.00	0.00	-1	
4325861305	SMP	1	0.00	0.00	0.00	0.00	-1	
4326027782	SMP	1	0.00	0.00	0.00	0.00	-1	
4326077403	SMP	1	0.00	0.00	0.00	0.00	-1	
4326127455	SMP	1	0.00	0.00	0.00	0.00	-1	
4326178000	SMP	1	0.00	0.00	0.00	0.00	-1	
4326227537	SMP	1	0.00	0.00	0.00	0.00	-1	
4326277522	SMP	1	0.00	0.00	0.00	0.00	-1	
4326327929	SMP	1	0.00	0.00	0.00	0.00	-1	
4326377569	SMP	1	0.00	0.00	0.00	0.00	-1	
4326427663	SMP	1	0.00	0.00	0.00	0.00	-1	
4326500524	SMP	1	0.00	0.00	0.00	0.00	-1	
4326508672	SMP	1	0.00	0.00	0.00	0.00	-1	
4326516908	SMP	1	0.00	0.00	0.00	0.00	-1	
4326525286	SMP	1	0.00	0.00	0.00	0.00	-1	
4326533688	SMP	1	0.00	0.00	0.00	0.00	-1	
4326542053	SMP	1	0.00	0.00	0.00	0.00	-1	
4326558688	SMP	1	0.00	0.00	0.00	0.00	-1	
4326567053	SMP	1	0.00	0.00	0.00	0.00	-1	
4326575433	SMP	1	0.00	0.00	0.00	0.00	-1	
4326583647	SMP	1	0.00	0.00	0.00	0.00	-1	
4326592044	SMP	1	0.00	0.00	0.00	0.00	-1	
4326600451	SMP	1	0.00	0.00	0.00	0.00	-1	
4326608764	SMP	1	0.00	0.00	0.00	0.00	-1	
4326617061	SMP	1	0.00	0.00	0.00	0.00	-1	
4326625337	SMP	1	0.00	0.00	0.00	0.00	-1	
4326633843	SMP	1	0.00	0.00	0.00	0.00	-1	
4326642028	SMP	1	0.00	0.00	0.00	0.00	-1	
4326650421	SMP	1	0.00	0.00	0.00	0.00	-1	
4326658775	SMP	1	0.00	0.00	0.00	0.00	-1	
4326667155	SMP	1	0.00	0.00	0.00	0.00	-1	
4326675364	SMP	1	0.00	0.00	0.00	0.00	-1	
4326683785	SMP	1	0.00	0.00	0.00	0.00	-1	
4326692129	SMP	1	0.00	0.00	0.00	0.00	-1	
4326701157	SMP	1	0.00	0.00	0.00	0.00	-1	
4326708792	SMP	1	0.00	0.00	0.00	0.00	-1	
4326717169	SMP	1	0.00	0.00	0.00	0.00	-1	
4326725520	SMP	1	0.00	0.00	0.00	0.00	-1	
4326733919	SMP	1	0.00	0.00	0.00	0.00	-1	
4326742174	SMP	1	0.00	0.00	0.00	0.00	-1	
4326750554	SMP	1	0.00	0.00	0.00	0.00	-1	
4326758887	SMP	1	0.00	0.00	0.00	0.00	-1	
4326767272	SMP	1	0.00	0.00	0.00	0.00	-1	
4326775529	SMP	1	0.00	0.00	0.00	0.00	-1	
4326783938	SMP	1	0.00	0.00	0.00	0.00	-1	
4326792296	SMP	1	0.00	0.00	0.00	0.00	-1	
4326800530	SMP	1	0.00	0.00	0.00	0.00	-1	
4326808943	SMP	1	0.00	0.00	0.00	0.00	-1	
4326817360	SMP	1	0.00	0.00	0.00	0.00	-1	
4326825619	SMP	1	0.00	0.00	0.00	0.00	-1	
4326833904	SMP	1	0.00	0.00	0.00	0.00	-1	
4326859062	SMP	1	0.00	0.00	0.00	0.00	-1	
4326867303	SMP	1	0.00	0.00	0.00	0.00	-1	
4326875641	SMP	1	0.00	0.00	0.00	0.00	-1	
4326884064	SMP	1	0.00	0.00	0.00	0.00	-1	
4326892313	SMP	1	0.00	0.00	0.00	0.00	-1	
4326900670	SMP	1	0.00	0.00	0.00	0.00	-1	
4326909051	SMP	1	0.00	0.00	0.00	0.00	-1	
4326917383	SMP	1	0.00	0.00	0.00	0.00	-1	
4326925658	SMP	1	0.00	0.00	0.00	0.00	-1	
4326934042	SMP	1	0.00	0.00	0.00	0.00	-1	
4326942507	SMP	1	0.00	0.00	0.00	0.00	-1	
4326950813	SMP	1	0.00	0.00	0.00	0.00	-1	
4326959045	SMP	1	0.00	0.00	0.00	0.00	-1	
4326967546	SMP	1	0.00	0.00	0.00	0.00	-1	
4326975807	SMP	1	0.00	0.00	0.00	0.00	-1	
4326984218	SMP	1	0.00	0.00	0.00	0.00	-1	
4326992437	SMP	1	0.00	0.00	0.00	0.00	-1	
4327000857	SMP	1	0.00	0.00	0.00	0.00	-1	
4327009145	SMP	1	0.00	0.00	0.00	0.00	-1	
4327017561	SMP	1	0.00	0.00	0.00	0.00	-1	
4327025757	SMP	1	0.00	0.00	0.00	0.00	-1	
4327034178	SMP	1	0.00	0.00	0.00	0.00	-1	
4327042498	SMP	1	0.00	0.00	0.00	0.00	-1	
4327050790	SMP	1	0.00	0.00	0.00	0.00	-1	
4327059162	SMP	1	0.00	0.00	0.00	0.00	-1	
4327067525	SMP	1	0.00	0.00	0.00	0.00	-1	
4327075915	SMP	1	0.00	0.00	0.00	0.00	-1	
4327084167	SMP	1	0.00	0.00	0.00	0.00	-1	
4327092501	SMP	1	0.00	0.00	0.00	0.00	-1	
4327100940	SMP	1	0.00	0.00	0.00	0.00	-1	
4327109283	SMP	1	0.00	0.00	0.00	0.00	-1	
4327117536	SMP	1	0.00	0.00	0.00	0.00	-1	
4327125880	SMP	1	0.00	0.00	0.00	0.00	-1	
4327134294	SMP	1	0.00	0.00	0.00	0.00	-1	
4327142662	SMP	1	0.00	0.00	0.00	0.00	-1	
4327150889	SMP	1	0.00	0.00	0.00	0.00	-1	
4327159459	SMP	1	0.00	0.00	0.00	0.00	-1	
4327167659	SMP	1	0.00	0.00	0.00	0.00	-1	
4327175921	SMP	1	0.00	0.00	0.00	0.00	-1	
4327184255	SMP	1	0.00	0.00	0.00	0.00	-1	
4327209323	SMP	1	0.00	0.00	0.00	0.00	-1	
4327217695	SMP	1	0.00	0.00	0.00	0.00	-1	
4327225953	SMP	1	0.00	0.00	0.00	0.00	-1	
4327234394	SMP	1	0.00	0.00	0.00	0.00	-1	
4327242658	SMP	1	0.00	0.00	0.00	0.00	-1	
4327251035	SMP	1	0.00	0.00	0.00	0.00	-1	
4327259375	SMP	1	0.00	0.00	0.00	0.00	-1	
4327267817	SMP	1	0.00	0.00	0.00	0.00	-1	
4327276059	SMP	1	0.00	0.00	0.00	0.00	-1	
4327284377	SMP	1	0.00	0.00	0.00	0.00	-1	
4327292793	SMP	1	0.00	0.00	0.00	0.00	-1	
4327301035	SMP	1	0.00	0.00	0.00	0.00	-1	
4327309407	SMP	1	0.00	0.00	0.00	0.00	-1	
4327317736	SMP	1	0.00	0.00	0.00	0.00	-1	
4327326164	SMP	1	0.00	0.00	0.00	0.00	-1	
4327334389	SMP	1	0.00	0.00	0.00	0.00	-1	
4327342740	SMP	1	0.00	0.00	0.00	0.00	-1	
4327351302	SMP	1	0.00	0.00	0.00	0.00	-1	
4327359500	SMP	1	0.00	0.00	0.00	0.00	-1	
4327367947	SMP	1	0.00	0.00	0.00	0.00	-1	
4327376134	SMP	1	0.00	0.00	0.00	0.00	-1	
4327384536	SMP	1	0.00	0.00	0.00	0.00	-1	
4327392891	SMP	1	0.00	0.00	0.00	0.00	-1	
4327401847	SMP	1	0.00	0.00	0.00	0.00	-1	
4327409542	SMP	1	0.00	0.00	0.00	0.00	-1	
4327417914	SMP	1	0.00	0.00	0.00	0.00	-1	
4327426227	SMP	1	0.00	0.00	0.00	0.00	-1	
4327434539	SMP	1	0.00	0.00	0.00	0.00	-1	
4327442905	SMP	1	0.00	0.00	0.00	0.00	-1	
4327451280	SMP	1	0.00	0.00	0.00	0.00	-1	
4327459494	SMP	1	0.00	0.00	0.00	0.00	-1	
4327468033	SMP	1	0.00	0.00	0.00	0.00	-1	
4327476273	SMP	1	0.00	0.00	0.00	0.00	-1	
4327492898	SMP	1	0.00	0.00	0.00	0.00	-1	
4327501292	SMP	1	0.00	0.00	0.00	0.00	-1	
4327509668	SMP	1	0.00	0.00	0.00	0.00	-1	
4327518025	SMP	1	0.00	0.00	0.00	0.00	-1	
4327526293	SMP	1	0.00	0.00	0.00	0.00	-1	
4327534628	SMP	1	0.00	0.00	0.00	0.00	-1	
4327543034	SMP	1	0.00	0.00	0.00	0.00	-1	
4327551385	SMP	1	0.00	0.00	0.00	0.00	-1	
4327559639	SMP	1	0.00	0.00	0.00	0.00	-1	
4327568343	SMP	1	0.00	0.00	0.00	0.00	-1	
4327576391	SMP	1	0.00	0.00	0.00	0.00	-1	
4327584608	SMP	1	0.00	0.00	0.00	0.00	-1	
4327593052	SMP	1	0.00	0.00	0.00	0.00	-1	
4327601405	SMP	1	0.00	0.00	0.00	0.00	-1	
4327609796	SMP	1	0.00	0.00	0.00	0.00	-1	
4327618023	SMP	1	0.00	0.00	0.00	0.00	-1	
4327626383	SMP	1	0.00	0.00	0.00	0.00	-1	
4327634787	SMP	1	0.00	0.00	0.00	0.00	-1	
4327643149	SMP	1	0.00	0.00	0.00	0.00	-1	
4327651392	SMP	1	0.00	0.00	0.00	0.00	-1	
4327659761	SMP	1	0.00	0.00	0.00	0.00	-1	
4327668145	SMP	1	0.00	0.00	0.00	0.00	-1	
4327676507	SMP	1	0.00	0.00	0.00	0.00	-1	
4327684768	SMP	1	0.00	0.00	0.00	0.00	-1	
4327693116	SMP	1	0.00	0.00	0.00	0.00	-1	
4327701513	SMP	1	0.00	0.00	0.00	0.00	-1	
4327718103	SMP	1	0.00	0.00	0.00	0.00	-1	
4327726525	SMP	1	0.00	0.00	0.00	0.00	-1	
4327734902	SMP	1	0.00	0.00	0.00	0.00	-1	
4327743173	SMP	1	0.00	0.00	0.00	0.00	-1	
4327751514	SMP	1	0.00	0.00	0.00	0.00	-1	
4327759917	SMP	1	0.00	0.00	0.00	0.00	-1	
4327768262	SMP	1	0.00	0.00	0.00	0.00	-1	
4327776517	SMP	1	0.00	0.00	0.00	0.00	-1	
4327784890	SMP	1	0.00	0.00	0.00	0.00	-1	
4327793394	SMP	1	0.00	0.00	0.00	0.00	-1	
4327802093	SMP	1	0.00	0.00	0.00	0.00	-1	
4327809885	SMP	1	0.00	0.00	0.00	0.00	-1	
4327818271	SMP	1	0.00	0.00	0.00	0.00	-1	
4327826621	SMP	1	0.00	0.00	0.00	0.00	-1	
4327835025	SMP	1	0.00	0.00	0.00	0.00	-1	
4327843396	SMP	1	0.00	0.00	0.00	0.00	-1	
4327851660	SMP	1	0.00	0.00	0.00	0.00	-1	
4327859996	SMP	1	0.00	0.00	0.00	0.00	-1	
4327868296	SMP	1	0.00	0.00	0.00	0.00	-1	
4327876643	SMP	1	0.00	0.00	0.00	0.00	-1	
4327885060	SMP	1	0.00	0.00	0.00	0.00	-1	
4327893414	SMP	1	0.00	0.00	0.00	0.00	-1	
4327901672	SMP	1	0.00	0.00	0.00	0.00	-1	
4327910013	SMP	1	0.00	0.00	0.00	0.00	-1	
4327918392	SMP	1	0.00	0.00	0.00	0.00	-1	
4327926727	SMP	1	0.00	0.00	0.00	0.00	-1	
4327935534	SMP	1	0.00	0.00	0.00	0.00	-1	
4327943550	SMP	1	0.00	0.00	0.00	0.00	-1	
4327951772	SMP	1	0.00	0.00	0.00	0.00	-1	
4327960244	SMP	1	0.00	0.00	0.00	0.00	-1	
4327968417	SMP	1	0.00	0.00	0.00	0.00	-1	
4327976780	SMP	1	0.00	0.00	0.00	0.00	-1	
4327985111	SMP	1	0.00	0.00	0.00	0.00	-1	
4327993615	SMP	1	0.00	0.00	0.00	0.00	-1	
4328001805	SMP	1	0.00	0.00	0.00	0.00	-1	
4328010179	SMP	1	0.00	0.00	0.00	0.00	-1	
4328018481	SMP	1	0.00	0.00	0.00	0.00	-1	
4328026728	SMP	1	0.00	0.00	0.00	0.00	-1	
4328035204	SMP	1	0.00	0.00	0.00	0.00	-1	
4328043510	SMP	1	0.00	0.00	0.00	0.00	-1	
4328051934	SMP	1	0.00	0.00	0.00	0.00	-1	
4328060148	SMP	1	0.00	0.00	0.00	0.00	-1	
4328068530	SMP	1	0.00	0.00	0.00	0.00	-1	
4328076912	SMP	1	0.00	0.00	0.00	0.00	-1	
4328085241	SMP	1	0.00	0.00	0.00	0.00	-1	
4328093481	SMP	1	0.00	0.00	0.00	0.00	-1	
4328101902	SMP	1	0.00	0.00	0.00	0.00	-1	
4328110266	SMP	1	0.00	0.00	0.00	0.00	-1	
4328118521	SMP	1	0.00	0.00	0.00	0.00	-1	
4328126905	SMP	1	0.00	0.00	0.00	0.00	-1	
4328135269	SMP	1	0.00	0.00	0.00	0.00	-1	
4328143600	SMP	1	0.00	0.00	0.00	0.00	-1	
4328151857	SMP	1	0.00	0.00	0.00	0.00	-1	
4328160283	SMP	1	0.00	0.00	0.00	0.00	-1	
4328168627	SMP	1	0.00	0.00	0.00	0.00	-1	
4328177018	SMP	1	0.00	0.00	0.00	0.00	-1	
4328185267	SMP	1	0.00	0.00	0.00	0.00	-1	
4328193594	SMP	1	0.00	0.00	0.00	0.00	-1	
4328202168	SMP	1	0.00	0.00	0.00	0.00	-1	
4328210395	SMP	1	0.00	0.00	0.00	0.00	-1	
4328218606	SMP	1	0.00	0.00	0.00	0.00	-1	
4328226977	SMP	1	0.00	0.00	0.00	0.00	-1	
4328235617	SMP	1	0.00	0.00	0.00	0.00	-1	
4328243743	SMP	1	0.00	0.00	0.00	0.00	-1	
4328252029	SMP	1	0.00	0.00	0.00	0.00	-1	
4328260348	SMP	1	0.00	0.00	0.00	0.00	-1	
4328268802	SMP	1	0.00	0.00	0.00	0.00	-1	
4328276995	SMP	1	0.00	0.00	0.00	0.00	-1	
4328285413	SMP	1	0.00	0.00	0.00	0.00	-1	
4328293733	SMP	1	0.00	0.00	0.00	0.00	-1	
4328302147	SMP	1	0.00	0.00	0.00	0.00	-1	
4328310405	SMP	1	0.00	0.00	0.00	0.00	-1	
4328318740	SMP	1	0.00	0.00	0.00	0.00	-1	
4328327234	SMP	1	0.00	0.00	0.00	0.00	-1	
4328335500	SMP	1	0.00	0.00	0.00	0.00	-1	
4328343730	SMP	1	0.00	0.00	0.00	0.00	-1	
4328352110	SMP	1	0.00	0.00	0.00	0.00	-1	
4328360518	SMP	1	0.00	0.00	0.00	0.00	-1	
4328369303	SMP	1	0.00	0.00	0.00	0.00	-1	
4328377156	SMP	1	0.00	0.00	0.00	0.00	-1	
4328385470	SMP	1	0.00	0.00	0.00	0.00	-1	
4328393896	SMP	1	0.00	0.00	0.00	0.00	-1	
4328402158	SMP	1	0.00	0.00	0.00	0.00	-1	
4328410464	SMP	1	0.00	0.00	0.00	0.00	-1	
4328418843	SMP	1	0.00	0.00	0.00	0.00	-1	
4328585214	SMP	1	0.00	0.00	0.00	0.00	-1	
4328635655	SMP	1	0.00	0.00	0.00	0.00	-1	
4328685118	SMP	1	0.00	0.00	0.00	0.00	-1	
4328735169	SMP	1	0.00	0.00	0.00	0.00	-1	
4328808498	SMP	1	0.00	0.00	0.00	0.00	-1	
4328816016	SMP	1	0.00	0.00	0.00	0.00	-1	
4328824480	SMP	1	0.00	0.00	0.00	0.00	-1	
4328832766	SMP	1	0.00	0.00	0.00	0.00	-1	
4328841100	SMP	1	0.00	0.00	0.00	0.00	-1	
4328849456	SMP	1	0.00	0.00	0.00	0.00	-1	
4328857819	SMP	1	0.00	0.00	0.00	0.00	-1	
4328866172	SMP	1	0.00	0.00	0.00	0.00	-1	
4328874495	SMP	1	0.00	0.00	0.00	0.00	-1	
4328882958	SMP	1	0.00	0.00	0.00	0.00	-1	
4328891136	SMP	1	0.00	0.00	0.00	0.00	-1	
4328900051	SMP	1	0.00	0.00	0.00	0.00	-1	
4328907894	SMP	1	0.00	0.00	0.00	0.00	-1	
4328916232	SMP	1	0.00	0.00	0.00	0.00	-1	
4328924510	SMP	1	0.00	0.00	0.00	0.00	-1	
4328932864	SMP	1	0.00	0.00	0.00	0.00	-1	
4328941226	SMP	1	0.00	0.00	0.00	0.00	-1	
4328949573	SMP	1	0.00	0.00	0.00	0.00	-1	
4328957889	SMP	1	0.00	0.00	0.00	0.00	-1	
4328966448	SMP	1	0.00	0.00	0.00	0.00	-1	
4328974642	SMP	1	0.00	0.00	0.00	0.00	-1	
4328982974	SMP	1	0.00	0.00	0.00	0.00	-1	
4328991195	SMP	1	0.00	0.00	0.00	0.00	-1	
4329000170	SMP	1	0.00	0.00	0.00	0.00	-1	
4329008021	SMP	1	0.00	0.00	0.00	0.00	-1	
4329016257	SMP	1	0.00	0.00	0.00	0.00	-1	
4329024590	SMP	1	0.00	0.00	0.00	0.00	-1	
4329033008	SMP	1	0.00	0.00	0.00	0.00	-1	
4329041395	SMP	1	0.00	0.00	0.00	0.00	-1	
4329049612	SMP	1	0.00	0.00	0.00	0.00	-1	
4329057969	SMP	1	0.00	0.00	0.00	0.00	-1	
4329067424	SMP	1	0.00	0.00	0.00	0.00	-1	
4329074745	SMP	1	0.00	0.00	0.00	0.00	-1	
4329082991	SMP	1	0.00	0.00	0.00	0.00	-1	
4329091346	SMP	1	0.00	0.00	0.00	0.00	-1	
4329099745	SMP	1	0.00	0.00	0.00	0.00	-1	
4329108096	SMP	1	0.00	0.00	0.00	0.00	-1	
4329116445	SMP	1	0.00	0.00	0.00	0.00	-1	
4329124744	SMP	1	0.00	0.00	0.00	0.00	-1	
4329133433	SMP	1	0.00	0.00	0.00	0.00	-1	
4329141487	SMP	1	0.00	0.00	0.00	0.00	-1	
4329149737	SMP	1	0.00	0.00	0.00	0.00	-1	
4329158085	SMP	1	0.00	0.00	0.00	0.00	-1	
4329166613	SMP	1	0.00	0.00	0.00	0.00	-1	
4329174745	SMP	1	0.00	0.00	0.00	0.00	-1	
4329183131	SMP	1	0.00	0.00	0.00	0.00	-1	
4329191467	SMP	1	0.00	0.00	0.00	0.00	-1	
4329199882	SMP	1	0.00	0.00	0.00	0.00	-1	
4329208207	SMP	1	0.00	0.00	0.00	0.00	-1	
4329216456	SMP	1	0.00	0.00	0.00	0.00	-1	
4329224826	SMP	1	0.00	0.00	0.00	0.00	-1	
4329233227	SMP	1	0.00	0.00	0.00	0.00	-1	
4329241473	SMP	1	0.00	0.00	0.00	0.00	-1	
4329249890	SMP	1	0.00	0.00	0.00	0.00	-1	
4329258195	SMP	1	0.00	0.00	0.00	0.00	-1	
4329267089	SMP	1	0.00	0.00	0.00	0.00	-1	
4329274850	SMP	1	0.00	0.00	0.00	0.00	-1	
4329283270	SMP	1	0.00	0.00	0.00	0.00	-1	
4329291583	SMP	1	0.00	0.00	0.00	0.00	-1	
4329299859	SMP	1	0.00	0.00	0.00	0.00	-1	
4329308280	SMP	1	0.00	0.00	0.00	0.00	-1	
4329316633	SMP	1	0.00	0.00	0.00	0.00	-1	
4329325000	SMP	1	0.00	0.00	0.00	0.00	-1	
4329333687	SMP	1	0.00	0.00	0.00	0.00	-1	
4329341610	SMP	1	0.00	0.00	0.00	0.00	-1	
4329349975	SMP	1	0.00	0.00	0.00	0.00	-1	
4329358365	SMP	1	0.00	0.00	0.00	0.00	-1	
4329366596	SMP	1	0.00	0.00	0.00	0.00	-1	
4329375040	SMP	1	0.00	0.00	0.00	0.00	-1	
4329383530	SMP	1	0.00	0.00	0.00	0.00	-1	
4329391698	SMP	1	0.00	0.00	0.00	0.00	-1	
4329400001	SMP	1	0.00	0.00	0.00	0.00	-1	
4329408428	SMP	1	0.00	0.00	0.00	0.00	-1	
4329416748	SMP	1	0.00	0.00	0.00	0.00	-1	
4329424921	SMP	1	0.00	0.00	0.00	0.00	-1	
4329433376	SMP	1	0.00	0.00	0.00	0.00	-1	
4329441720	SMP	1	0.00	0.00	0.00	0.00	-1	
4329450087	SMP	1	0.00	0.00	0.00	0.00	-1	
4329458289	SMP	1	0.00	0.00	0.00	0.00	-1	
4329466701	SMP	1	0.00	0.00	0.00	0.00	-1	
4329475116	SMP	1	0.00	0.00	0.00	0.00	-1	
4329483485	SMP	1	0.00	0.00	0.00	0.00	-1	
4329491730	SMP	1	0.00	0.00	0.00	0.00	-1	
4329500080	SMP	1	0.00	0.00	0.00	0.00	-1	
4329508489	SMP	1	0.00	0.00	0.00	0.00	-1	
4329516866	SMP	1	0.00	0.00	0.00	0.00	-1	
4329525107	SMP	1	0.00	0.00	0.00	0.00	-1	
4329533896	SMP	1	0.00	0.00	0.00	0.00	-1	
4329541861	SMP	1	0.00	0.00	0.00	0.00	-1	
4329550174	SMP	1	0.00	0.00	0.00	0.00	-1	
4329558499	SMP	1	0.00	0.00	0.00	0.00	-1	
4329566843	SMP	1	0.00	0.00	0.00	0.00	-1	
4329575360	SMP	1	0.00	0.00	0.00	0.00	-1	
4329583441	SMP	1	0.00	0.00	0.00	0.00	-1	
4329591823	SMP	1	0.00	0.00	0.00	0.00	-1	
4329600216	SMP	1	0.00	0.00	0.00	0.00	-1	
4329608611	SMP	1	0.00	0.00	0.00	0.00	-1	
4329616842	SMP	1	0.00	0.00	0.00	0.00	-1	
4329625229	SMP	1	0.00	0.00	0.00	0.00	-1	
4329633587	SMP	1	0.00	0.00	0.00	0.00	-1	
4329641963	SMP	1	0.00	0.00	0.00	0.00	-1	
4329650223	SMP	1	0.00	0.00	0.00	0.00	-1	
4329658602	SMP	1	0.00	0.00	0.00	0.00	-1	
4329667514	SMP	1	0.00	0.00	0.00	0.00	-1	
4329675332	SMP	1	0.00	0.00	0.00	0.00	-1	
4329683575	SMP	1	0.00	0.00	0.00	0.00	-1	
4329691965	SMP	1	0.00	0.00	0.00	0.00	-1	
4329700702	SMP	1	0.00	0.00	0.00	0.00	-1	
4329708610	SMP	1	0.00	0.00	0.00	0.00	-1	
4329716946	SMP	1	0.00	0.00	0.00	0.00	-1	
4329725366	SMP	1	0.00	0.00	0.00	0.00	-1	
4329733701	SMP	1	0.00	0.00	0.00	0.00	-1	
4329741938	SMP	1	0.00	0.00	0.00	0.00	-1	
4329750351	SMP	1	0.00	0.00	0.00	0.00	-1	
4329758735	SMP	1	0.00	0.00	0.00	0.00	-1	
4329767086	SMP	1	0.00	0.00	0.00	0.00	-1	
4329775352	SMP	1	0.00	0.00	0.00	0.00	-1	
4329783732	SMP	1	0.00	0.00	0.00	0.00	-1	
4329792065	SMP	1	0.00	0.00	0.00	0.00	-1	
4329800505	SMP	1	0.00	0.00	0.00	0.00	-1	
4329808724	SMP	1	0.00	0.00	0.00	0.00	-1	
4329817120	SMP	1	0.00	0.00	0.00	0.00	-1	
4329825445	SMP	1	0.00	0.00	0.00	0.00	-1	
4329833728	SMP	1	0.00	0.00	0.00	0.00	-1	
4329842094	SMP	1	0.00	0.00	0.00	0.00	-1	
4329850493	SMP	1	0.00	0.00	0.00	0.00	-1	
4329858843	SMP	1	0.00	0.00	0.00	0.00	-1	
4329867131	SMP	1	0.00	0.00	0.00	0.00	-1	
4329876107	SMP	1	0.00	0.00	0.00	0.00	-1	
4329883921	SMP	1	0.00	0.00	0.00	0.00	-1	
4329892292	SMP	1	0.00	0.00	0.00	0.00	-1	
4329901016	SMP	1	0.00	0.00	0.00	0.00	-1	
4329908851	SMP	1	0.00	0.00	0.00	0.00	-1	
4329917249	SMP	1	0.00	0.00	0.00	0.00	-1	
4329925557	SMP	1	0.00	0.00	0.00	0.00	-1	
4329933860	SMP	1	0.00	0.00	0.00	0.00	-1	
4329942222	SMP	1	0.00	0.00	0.00	0.00	-1	
4329950591	SMP	1	0.00	0.00	0.00	0.00	-1	
4329958819	SMP	1	0.00	0.00	0.00	0.00	-1	
4329967425	SMP	1	0.00	0.00	0.00	0.00	-1	
4329975602	SMP	1	0.00	0.00	0.00	0.00	-1	
4329983991	SMP	1	0.00	0.00	0.00	0.00	-1	
4329992242	SMP	1	0.00	0.00	0.00	0.00	-1	
4330000588	SMP	1	0.00	0.00	0.00	0.00	-1	
4330008975	SMP	1	0.00	0.00	0.00	0.00	-1	
4330017360	SMP	1	0.00	0.00	0.00	0.00	-1	
4330025632	SMP	1	0.00	0.00	0.00	0.00	-1	
4330033993	SMP	1	0.00	0.00	0.00	0.00	-1	
4330042341	SMP	1	0.00	0.00	0.00	0.00	-1	
4330050707	SMP	1	0.00	0.00	0.00	0.00	-1	
4330058932	SMP	1	0.00	0.00	0.00	0.00	-1	
4330067881	SMP	1	0.00	0.00	0.00	0.00	-1	
4330075687	SMP	1	0.00	0.00	0.00	0.00	-1	
4330084100	SMP	1	0.00	0.00	0.00	0.00	-1	
4330092317	SMP	1	0.00	0.00	0.00	0.00	-1	
4330101261	SMP	1	0.00	0.00	0.00	0.00	-1	
4330109097	SMP	1	0.00	0.00	0.00	0.00	-1	
4330117419	SMP	1	0.00	0.00	0.00	0.00	-1	
4330125730	SMP	1	0.00	0.00	0.00	0.00	-1	
4330134080	SMP	1	0.00	0.00	0.00	0.00	-1	
4330142449	SMP	1	0.00	0.00	0.00	0.00	-1	
4330150713	SMP	1	0.00	0.00	0.00	0.00	-1	
4330159100	SMP	1	0.00	0.00	0.00	0.00	-1	
4330167658	SMP	1	0.00	0.00	0.00	0.00	-1	
4330175808	SMP	1	0.00	0.00	0.00	0.00	-1	
4330184125	SMP	1	0.00	0.00	0.00	0.00	-1	
4330192406	SMP	1	0.00	0.00	0.00	0.00	-1	
4330200970	SMP	1	0.00	0.00	0.00	0.00	-1	
4330209188	SMP	1	0.00	0.00	0.00	0.00	-1	
4330217442	SMP	1	0.00	0.00	0.00	0.00	-1	
4330225810	SMP	1	0.00	0.00	0.00	0.00	-1	
4330234777	SMP	1	0.00	0.00	0.00	0.00	-1	
4330242611	SMP	1	0.00	0.00	0.00	0.00	-1	
4330250859	SMP	1	0.00	0.00	0.00	0.00	-1	
4330259194	SMP	1	0.00	0.00	0.00	0.00	-1	
4330267593	SMP	1	0.00	0.00	0.00	0.00	-1	
4330275828	SMP	1	0.00	0.00	0.00	0.00	-1	
4330284241	SMP	1	0.00	0.00	0.00	0.00	-1	
4330292561	SMP	1	0.00	0.00	0.00	0.00	-1	
4330300952	SMP	1	0.00	0.00	0.00	0.00	-1	
4330309219	SMP	1	0.00	0.00	0.00	0.00	-1	
4330317620	SMP	1	0.00	0.00	0.00	0.00	-1	
4330325929	SMP	1	0.00	0.00	0.00	0.00	-1	
4330335646	SMP	1	0.00	0.00	0.00	0.00	-1	
4330342590	SMP	1	0.00	0.00	0.00	0.00	-1	
4330350938	SMP	1	0.00	0.00	0.00	0.00	-1	
4330359311	SMP	1	0.00	0.00	0.00	0.00	-1	
4330367988	SMP	1	0.00	0.00	0.00	0.00	-1	
4330376051	SMP	1	0.00	0.00	0.00	0.00	-1	
4330384368	SMP	1	0.00	0.00	0.00	0.00	-1	
4330392704	SMP	1	0.00	0.00	0.00	0.00	-1	
4330401635	SMP	1	0.00	0.00	0.00	0.00	-1	
4330409429	SMP	1	0.00	0.00	0.00	0.00	-1	
4330417687	SMP	1	0.00	0.00	0.00	0.00	-1	
4330426033	SMP	1	0.00	0.00	0.00	0.00	-1	
4330434323	SMP	1	0.00	0.00	0.00	0.00	-1	
4330442711	SMP	1	0.00	0.00	0.00	0.00	-1	
4330451103	SMP	1	0.00	0.00	0.00	0.00	-1	
4330459433	SMP	1	0.00	0.00	0.00	0.00	-1	
4330467712	SMP	1	0.00	0.00	0.00	0.00	-1	
4330476057	SMP	1	0.00	0.00	0.00	0.00	-1	
4330484487	SMP	1	0.00	0.00	0.00	0.00	-1	
4330492853	SMP	1	0.00	0.00	0.00	0.00	-1	
4330501092	SMP	1	0.00	0.00	0.00	0.00	-1	
4330509461	SMP	1	0.00	0.00	0.00	0.00	-1	
4330517845	SMP	1	0.00	0.00	0.00	0.00	-1	
4330526093	SMP	1	0.00	0.00	0.00	0.00	-1	
4330534825	SMP	1	0.00	0.00	0.00	0.00	-1	
4330542835	SMP	1	0.00	0.00	0.00	0.00	-1	
4330551425	SMP	1	0.00	0.00	0.00	0.00	-1	
4330559472	SMP	1	0.00	0.00	0.00	0.00	-1	
4330567889	SMP	1	0.00	0.00	0.00	0.00	-1	
4330576204	SMP	1	0.00	0.00	0.00	0.00	-1	
4330584591	SMP	1	0.00	0.00	0.00	0.00	-1	
4330592800	SMP	1	0.00	0.00	0.00	0.00	-1	
4330601285	SMP	1	0.00	0.00	0.00	0.00	-1	
4330609596	SMP	1	0.00	0.00	0.00	0.00	-1	
4330617947	SMP	1	0.00	0.00	0.00	0.00	-1	
4330626179	SMP	1	0.00	0.00	0.00	0.00	-1	
4330635169	SMP	1	0.00	0.00	0.00	0.00	-1	
4330642943	SMP	1	0.00	0.00	0.00	0.00	-1	
4330651293	SMP	1	0.00	0.00	0.00	0.00	-1	
4330659533	SMP	1	0.00	0.00	0.00	0.00	-1	
4330667980	SMP	1	0.00	0.00	0.00	0.00	-1	
4330676322	SMP	1	0.00	0.00	0.00	0.00	-1	
4330684599	SMP	1	0.00	0.00	0.00	0.00	-1	
4330692924	SMP	1	0.00	0.00	0.00	0.00	-1	
4330701670	SMP	1	0.00	0.00	0.00	0.00	-1	
4330709737	SMP	1	0.00	0.00	0.00	0.00	-1	
4330717979	SMP	1	0.00	0.00	0.00	0.00	-1	
4330726339	SMP	1	0.00	0.00	0.00	0.00	-1	
4330735016	SMP	1	0.00	0.00	0.00	0.00	-1	
4330743093	SMP	1	0.00	0.00	0.00	0.00	-1	
4330751278	SMP	1	0.00	0.00	0.00	0.00	-1	
4330759680	SMP	1	0.00	0.00	0.00	0.00	-1	
4330768231	SMP	1	0.00	0.00	0.00	0.00	-1	
4330776483	SMP	1	0.00	0.00	0.00	0.00	-1	
4330784678	SMP	1	0.00	0.00	0.00	0.00	-1	
4330793115	SMP	1	0.00	0.00	0.00	0.00	-1	
4330801436	SMP	1	0.00	0.00	0.00	0.00	-1	
4330809833	SMP	1	0.00	0.00	0.00	0.00	-1	
4330818082	SMP	1	0.00	0.00	0.00	0.00	-1	
4330826414	SMP	1	0.00	0.00	0.00	0.00	-1	
4330834850	SMP	1	0.00	0.00	0.00	0.00	-1	
4330843065	SMP	1	0.00	0.00	0.00	0.00	-1	
4330851466	SMP	1	0.00	0.00	0.00	0.00	-1	
4330859790	SMP	1	0.00	0.00	0.00	0.00	-1	
4330868209	SMP	1	0.00	0.00	0.00	0.00	-1	
4330876448	SMP	1	0.00	0.00	0.00	0.00	-1	
4330884836	SMP	1	0.00	0.00	0.00	0.00	-1	
4330893275	SMP	1	0.00	0.00	0.00	0.00	-1	
4330902026	SMP	1	0.00	0.00	0.00	0.00	-1	
4330909841	SMP	1	0.00	0.00	0.00	0.00	-1	
4330918186	SMP	1	0.00	0.00	0.00	0.00	-1	
4330926557	SMP	1	0.00	0.00	0.00	0.00	-1	
4330935527	SMP	1	0.00	0.00	0.00	0.00	-1	
4330943236	SMP	1	0.00	0.00	0.00	0.00	-1	
4330951587	SMP	1	0.00	0.00	0.00	0.00	-1	
4330959971	SMP	1	0.00	0.00	0.00	0.00	-1	
4330968716	SMP	1	0.00	0.00	0.00	0.00	-1	
4330976594	SMP	1	0.00	0.00	0.00	0.00	-1	
4330984961	SMP	1	0.00	0.00	0.00	0.00	-1	
4330993414	SMP	1	0.00	0.00	0.00	0.00	-1	
4331001665	SMP	1	0.00	0.00	0.00	0.00	-1	
4331009954	SMP	1	0.00	0.00	0.00	0.00	-1	
4331018294	SMP	1	0.00	0.00	0.00	0.00	-1	
4331026638	SMP	1	0.00	0.00	0.00	0.00	-1	
4331034949	SMP	1	0.00	0.00	0.00	0.00	-1	
4331043365	SMP	1	0.00	0.00	0.00	0.00	-1	
4331059923	SMP	1	0.00	0.00	0.00	0.00	-1	
4331069393	SMP	1	0.00	0.00	0.00	0.00	-1	
4331076719	SMP	1	0.00	0.00	0.00	0.00	-1	
4331085102	SMP	1	0.00	0.00	0.00	0.00	-1	
4331093322	SMP	1	0.00	0.00	0.00	0.00	-1	
4331102190	SMP	1	0.00	0.00	0.00	0.00	-1	
4331110073	SMP	1	0.00	0.00	0.00	0.00	-1	
4331118550	SMP	1	0.00	0.00	0.00	0.00	-1	
4331126707	SMP	1	0.00	0.00	0.00	0.00	-1	
4331135026	SMP	1	0.00	0.00	0.00	0.00	-1	
4331143462	SMP	1	0.00	0.00	0.00	0.00	-1	
4331151810	SMP	1	0.00	0.00	0.00	0.00	-1	
4331160079	SMP	1	0.00	0.00	0.00	0.00	-1	
4331168546	SMP	1	0.00	0.00	0.00	0.00	-1	
4331176803	SMP	1	0.00	0.00	0.00	0.00	-1	
4331185218	SMP	1	0.00	0.00	0.00	0.00	-1	
4331193557	SMP	1	0.00	0.00	0.00	0.00	-1	
4331201821	SMP	1	0.00	0.00	0.00	0.00	-1	
4331210261	SMP	1	0.00	0.00	0.00	0.00	-1	
4331218422	SMP	1	0.00	0.00	0.00	0.00	-1	
4331226791	SMP	1	0.00	0.00	0.00	0.00	-1	
4331235172	SMP	1	0.00	0.00	0.00	0.00	-1	
4331243564	SMP	1	0.00	0.00	0.00	0.00	-1	
4331251846	SMP	1	0.00	0.00	0.00	0.00	-1	
4331260142	SMP	1	0.00	0.00	0.00	0.00	-1	
4331269042	SMP	1	0.00	0.00	0.00	0.00	-1	
4331276936	SMP	1	0.00	0.00	0.00	0.00	-1	
4331285161	SMP	1	0.00	0.00	0.00	0.00	-1	
4331293520	SMP	1	0.00	0.00	0.00	0.00	-1	
4331301936	SMP	1	0.00	0.00	0.00	0.00	-1	
4331310346	SMP	1	0.00	0.00	0.00	0.00	-1	
4331318581	SMP	1	0.00	0.00	0.00	0.00	-1	
4331326964	SMP	1	0.00	0.00	0.00	0.00	-1	
4331335741	SMP	1	0.00	0.00	0.00	0.00	-1	
4331343541	SMP	1	0.00	0.00	0.00	0.00	-1	
4331352015	SMP	1	0.00	0.00	0.00	0.00	-1	
4331360316	SMP	1	0.00	0.00	0.00	0.00	-1	
4331368677	SMP	1	0.00	0.00	0.00	0.00	-1	
4331376968	SMP	1	0.00	0.00	0.00	0.00	-1	
4331385278	SMP	1	0.00	0.00	0.00	0.00	-1	
4331393681	SMP	1	0.00	0.00	0.00	0.00	-1	
4331402086	SMP	1	0.00	0.00	0.00	0.00	-1	
4331410341	SMP	1	0.00	0.00	0.00	0.00	-1	
4331418674	SMP	1	0.00	0.00	0.00	0.00	-1	
4331427009	SMP	1	0.00	0.00	0.00	0.00	-1	
4331435428	SMP	1	0.00	0.00	0.00	0.00	-1	
4331443689	SMP	1	0.00	0.00	0.00	0.00	-1	
4331452056	SMP	1	0.00	0.00	0.00	0.00	-1	
4331460426	SMP	1	0.00	0.00	0.00	0.00	-1	
4331468686	SMP	1	0.00	0.00	0.00	0.00	-1	
4331477086	SMP	1	0.00	0.00	0.00	0.00	-1	
4331485439	SMP	1	0.00	0.00	0.00	0.00	-1	
4331493830	SMP	1	0.00	0.00	0.00	0.00	-1	
4331502497	SMP	1	0.00	0.00	0.00	0.00	-1	
4331510453	SMP	1	0.00	0.00	0.00	0.00	-1	
4331518847	SMP	1	0.00	0.00	0.00	0.00	-1	
4331527276	SMP	1	0.00	0.00	0.00	0.00	-1	
4331535858	SMP	1	0.00	0.00	0.00	0.00	-1	
4331543827	SMP	1	0.00	0.00	0.00	0.00	-1	
4331552269	SMP	1	0.00	0.00	0.00	0.00	-1	
4331560582	SMP	1	0.00	0.00	0.00	0.00	-1	
4331569088	SMP	1	0.00	0.00	0.00	0.00	-1	
4331726933	SMP	1	0.00	0.00	0.00	0.00	-1	
4331799562	SMP	1	0.00	0.00	0.00	0.00	-1	
4331807721	SMP	1	0.00	0.00	0.00	0.00	-1	
4331816056	SMP	1	0.00	0.00	0.00	0.00	-1	
4331824280	SMP	1	0.00	0.00	0.00	0.00	-1	
4331832736	SMP	1	0.00	0.00	0.00	0.00	-1	
4331841041	SMP	1	0.00	0.00	0.00	0.00	-1	
4331849436	SMP	1	0.00	0.00	0.00	0.00	-1	
4331857674	SMP	1	0.00	0.00	0.00	0.00	-1	
4331866064	SMP	1	0.00	0.00	0.00	0.00	-1	
4331874409	SMP	1	0.00	0.00	0.00	0.00	-1	
4331882806	SMP	1	0.00	0.00	0.00	0.00	-1	
4331891042	SMP	1	0.00	0.00	0.00	0.00	-1	
4331899431	SMP	1	0.00	0.00	0.00	0.00	-1	
4331907846	SMP	1	0.00	0.00	0.00	0.00	-1	
4331916061	SMP	1	0.00	0.00	0.00	0.00	-1	
4331924357	SMP	1	0.00	0.00	0.00	0.00	-1	
4331932831	SMP	1	0.00	0.00	0.00	0.00	-1	
4331941157	SMP	1	0.00	0.00	0.00	0.00	-1	
4331949454	SMP	1	0.00	0.00	0.00	0.00	-1	
4331957776	SMP	1	0.00	0.00	0.00	0.00	-1	
4331966159	SMP	1	0.00	0.00	0.00	0.00	-1	
4331974556	SMP	1	0.00	0.00	0.00	0.00	-1	
4331982807	SMP	1	0.00	0.00	0.00	0.00	-1	
4331991253	SMP	1	0.00	0.00	0.00	0.00	-1	
4331999579	SMP	1	0.00	0.00	0.00	0.00	-1	
4332007938	SMP	1	0.00	0.00	0.00	0.00	-1	
4332016179	SMP	1	0.00	0.00	0.00	0.00	-1	
4332024568	SMP	1	0.00	0.00	0.00	0.00	-1	
4332032925	SMP	1	0.00	0.00	0.00	0.00	-1	
4332041366	SMP	1	0.00	0.00	0.00	0.00	-1	
4332049532	SMP	1	0.00	0.00	0.00	0.00	-1	
4332057910	SMP	1	0.00	0.00	0.00	0.00	-1	
4332066290	SMP	1	0.00	0.00	0.00	0.00	-1	
4332074577	SMP	1	0.00	0.00	0.00	0.00	-1	
4332082918	SMP	1	0.00	0.00	0.00	0.00	-1	
4332091310	SMP	1	0.00	0.00	0.00	0.00	-1	
4332099670	SMP	1	0.00	0.00	0.00	0.00	-1	
4332107951	SMP	1	0.00	0.00	0.00	0.00	-1	
4332116299	SMP	1	0.00	0.00	0.00	0.00	-1	
4332124696	SMP	1	0.00	0.00	0.00	0.00	-1	
4332133063	SMP	1	0.00	0.00	0.00	0.00	-1	
4332141324	SMP	1	0.00	0.00	0.00	0.00	-1	
4332149664	SMP	1	0.00	0.00	0.00	0.00	-1	
4332158073	SMP	1	0.00	0.00	0.00	0.00	-1	
4332166296	SMP	1	0.00	0.00	0.00	0.00	-1	
4332174693	SMP	1	0.00	0.00	0.00	0.00	-1	
4332183252	SMP	1	0.00	0.00	0.00	0.00	-1	
4332191387	SMP	1	0.00	0.00	0.00	0.00	-1	
4332199607	SMP	1	0.00	0.00	0.00	0.00	-1	
4332208055	SMP	1	0.00	0.00	0.00	0.00	-1	
4332216444	SMP	1	0.00	0.00	0.00	0.00	-1	
4332224803	SMP	1	0.00	0.00	0.00	0.00	-1	
4332233060	SMP	1	0.00	0.00	0.00	0.00	-1	
4332241436	SMP	1	0.00	0.00	0.00	0.00	-1	
4332249789	SMP	1	0.00	0.00	0.00	0.00	-1	
4332258161	SMP	1	0.00	0.00	0.00	0.00	-1	
4332266390	SMP	1	0.00	0.00	0.00	0.00	-1	
4332274916	SMP	1	0.00	0.00	0.00	0.00	-1	
4332283164	SMP	1	0.00	0.00	0.00	0.00	-1	
4332291554	SMP	1	0.00	0.00	0.00	0.00	-1	
4332299725	SMP	1	0.00	0.00	0.00	0.00	-1	
4332308193	SMP	1	0.00	0.00	0.00	0.00	-1	
4332316573	SMP	1	0.00	0.00	0.00	0.00	-1	
4332324770	SMP	1	0.00	0.00	0.00	0.00	-1	
4332333219	SMP	1	0.00	0.00	0.00	0.00	-1	
4332341526	SMP	1	0.00	0.00	0.00	0.00	-1	
4332349921	SMP	1	0.00	0.00	0.00	0.00	-1	
4332358135	SMP	1	0.00	0.00	0.00	0.00	-1	
4332366539	SMP	1	0.00	0.00	0.00	0.00	-1	
4332374941	SMP	1	0.00	0.00	0.00	0.00	-1	
4332383359	SMP	1	0.00	0.00	0.00	0.00	-1	
4332391491	SMP	1	0.00	0.00	0.00	0.00	-1	
4332399949	SMP	1	0.00	0.00	0.00	0.00	-1	
4332408281	SMP	1	0.00	0.00	0.00	0.00	-1	
4332416657	SMP	1	0.00	0.00	0.00	0.00	-1	
4332424884	SMP	1	0.00	0.00	0.00	0.00	-1	
4332433325	SMP	1	0.00	0.00	0.00	0.00	-1	
4332441738	SMP	1	0.00	0.00	0.00	0.00	-1	
4332449938	SMP	1	0.00	0.00	0.00	0.00	-1	
4332458304	SMP	1	0.00	0.00	0.00	0.00	-1	
4332466661	SMP	1	0.00	0.00	0.00	0.00	-1	
4332475051	SMP	1	0.00	0.00	0.00	0.00	-1	
4332483322	SMP	1	0.00	0.00	0.00	0.00	-1	
4332491661	SMP	1	0.00	0.00	0.00	0.00	-1	
4332499980	SMP	1	0.00	0.00	0.00	0.00	-1	
4332508397	SMP	1	0.00	0.00	0.00	0.00	-1	
4332516630	SMP	1	0.00	0.00	0.00	0.00	-1	
4332525098	SMP	1	0.00	0.00	0.00	0.00	-1	
4332533432	SMP	1	0.00	0.00	0.00	0.00	-1	
4332541819	SMP	1	0.00	0.00	0.00	0.00	-1	
4332550008	SMP	1	0.00	0.00	0.00	0.00	-1	
4332558431	SMP	1	0.00	0.00	0.00	0.00	-1	
4332566740	SMP	1	0.00	0.00	0.00	0.00	-1	
4332575184	SMP	1	0.00	0.00	0.00	0.00	-1	
4332583438	SMP	1	0.00	0.00	0.00	0.00	-1	
4332591835	SMP	1	0.00	0.00	0.00	0.00	-1	
4332600148	SMP	1	0.00	0.00	0.00	0.00	-1	
4332608522	SMP	1	0.00	0.00	0.00	0.00	-1	
4332616804	SMP	1	0.00	0.00	0.00	0.00	-1	
4332625168	SMP	1	0.00	0.00	0.00	0.00	-1	
4332633549	SMP	1	0.00	0.00	0.00	0.00	-1	
4332641796	SMP	1	0.00	0.00	0.00	0.00	-1	
4332650116	SMP	1	0.00	0.00	0.00	0.00	-1	
4332658550	SMP	1	0.00	0.00	0.00	0.00	-1	
4332666878	SMP	1	0.00	0.00	0.00	0.00	-1	
4332675139	SMP	1	0.00	0.00	0.00	0.00	-1	
4332683509	SMP	1	0.00	0.00	0.00	0.00	-1	
4332691900	SMP	1	0.00	0.00	0.00	0.00	-1	
4332700280	SMP	1	0.00	0.00	0.00	0.00	-1	
4332708535	SMP	1	0.00	0.00	0.00	0.00	-1	
4332716927	SMP	1	0.00	0.00	0.00	0.00	-1	
4332725279	SMP	1	0.00	0.00	0.00	0.00	-1	
4332733516	SMP	1	0.00	0.00	0.00	0.00	-1	
4332741943	SMP	1	0.00	0.00	0.00	0.00	-1	
4332750274	SMP	1	0.00	0.00	0.00	0.00	-1	
4332758677	SMP	1	0.00	0.00	0.00	0.00	-1	
4332766905	SMP	1	0.00	0.00	0.00	0.00	-1	
4332775273	SMP	1	0.00	0.00	0.00	0.00	-1	
4332783686	SMP	1	0.00	0.00	0.00	0.00	-1	
4332792060	SMP	1	0.00	0.00	0.00	0.00	-1	
4332800273	SMP	1	0.00	0.00	0.00	0.00	-1	
4332808687	SMP	1	0.00	0.00	0.00	0.00	-1	
4332975140	SMP	1	0.00	0.00	0.00	0.00	-1	
4333047775	SMP	1	0.00	0.00	0.00	0.00	-1	
4333055786	SMP	1	0.00	0.00	0.00	0.00	-1	
4333064200	SMP	1	0.00	0.00	0.00	0.00	-1	
4333072518	SMP	1	0.00	0.00	0.00	0.00	-1	
4333080949	SMP	1	0.00	0.00	0.00	0.00	-1	
4333089153	SMP	1	0.00	0.00	0.00	0.00	-1	
4333097501	SMP	1	0.00	0.00	0.00	0.00	-1	
4333106318	SMP	1	0.00	0.00	0.00	0.00	-1	
4333114299	SMP	1	0.00	0.00	0.00	0.00	-1	
4333122500	SMP	1	0.00	0.00	0.00	0.00	-1	
4333130906	SMP	1	0.00	0.00	0.00	0.00	-1	
4333139292	SMP	1	0.00	0.00	0.00	0.00	-1	
4333147545	SMP	1	0.00	0.00	0.00	0.00	-1	
4333155907	SMP	1	0.00	0.00	0.00	0.00	-1	
4333164293	SMP	1	0.00	0.00	0.00	0.00	-1	
4333172657	SMP	1	0.00	0.00	0.00	0.00	-1	
4333180910	SMP	1	0.00	0.00	0.00	0.00	-1	
4333189269	SMP	1	0.00	0.00	0.00	0.00	-1	
4333197645	SMP	1	0.00	0.00	0.00	0.00	-1	
4333206015	SMP	1	0.00	0.00	0.00	0.00	-1	
4333214291	SMP	1	0.00	0.00	0.00	0.00	-1	
4333222624	SMP	1	0.00	0.00	0.00	0.00	-1	
4333231031	SMP	1	0.00	0.00	0.00	0.00	-1	
4333239432	SMP	1	0.00	0.00	0.00	0.00	-1	
4333247673	SMP	1	0.00	0.00	0.00	0.00	-1	
4333256060	SMP	1	0.00	0.00	0.00	0.00	-1	
4333264368	SMP	1	0.00	0.00	0.00	0.00	-1	
4333272783	SMP	1	0.00	0.00	0.00	0.00	-1	
4333281046	SMP	1	0.00	0.00	0.00	0.00	-1	
4333289362	SMP	1	0.00	0.00	0.00	0.00	-1	
4333297748	SMP	1	0.00	0.00	0.00	0.00	-1	
4333305999	SMP	1	0.00	0.00	0.00	0.00	-1	
4333314414	SMP	1	0.00	0.00	0.00	0.00	-1	
4333322805	SMP	1	0.00	0.00	0.00	0.00	-1	
4333331135	SMP	1	0.00	0.00	0.00	0.00	-1	
4333339616	SMP	1	0.00	0.00	0.00	0.00	-1	
4333347817	SMP	1	0.00	0.00	0.00	0.00	-1	
4333356161	SMP	1	0.00	0.00	0.00	0.00	-1	
4333364484	SMP	1	0.00	0.00	0.00	0.00	-1	
4333373285	SMP	1	0.00	0.00	0.00	0.00	-1	
4333381159	SMP	1	0.00	0.00	0.00	0.00	-1	
4333389520	SMP	1	0.00	0.00	0.00	0.00	-1	
4333397836	SMP	1	0.00	0.00	0.00	0.00	-1	
4333406146	SMP	1	0.00	0.00	0.00	0.00	-1	
4333414541	SMP	1	0.00	0.00	0.00	0.00	-1	
4333422888	SMP	1	0.00	0.00	0.00	0.00	-1	
4333431164	SMP	1	0.00	0.00	0.00	0.00	-1	
4333439531	SMP	1	0.00	0.00	0.00	0.00	-1	
4333447920	SMP	1	0.00	0.00	0.00	0.00	-1	
4333456278	SMP	1	0.00	0.00	0.00	0.00	-1	
4333464474	SMP	1	0.00	0.00	0.00	0.00	-1	
4333472917	SMP	1	0.00	0.00	0.00	0.00	-1	
4333481288	SMP	1	0.00	0.00	0.00	0.00	-1	
4333489650	SMP	1	0.00	0.00	0.00	0.00	-1	
4333497872	SMP	1	0.00	0.00	0.00	0.00	-1	
4333506782	SMP	1	0.00	0.00	0.00	0.00	-1	
4333514642	SMP	1	0.00	0.00	0.00	0.00	-1	
4333523030	SMP	1	0.00	0.00	0.00	0.00	-1	
4333531284	SMP	1	0.00	0.00	0.00	0.00	-1	
4333539931	SMP	1	0.00	0.00	0.00	0.00	-1	
4333548058	SMP	1	0.00	0.00	0.00	0.00	-1	
4333556265	SMP	1	0.00	0.00	0.00	0.00	-1	
4333564658	SMP	1	0.00	0.00	0.00	0.00	-1	
4333573042	SMP	1	0.00	0.00	0.00	0.00	-1	
4333581350	SMP	1	0.00	0.00	0.00	0.00	-1	
4333589629	SMP	1	0.00	0.00	0.00	0.00	-1	
4333597984	SMP	1	0.00	0.00	0.00	0.00	-1	
4333606460	SMP	1	0.00	0.00	0.00	0.00	-1	
4333614727	SMP	1	0.00	0.00	0.00	0.00	-1	
4333623252	SMP	1	0.00	0.00	0.00	0.00	-1	
4333631380	SMP	1	0.00	0.00	0.00	0.00	-1	
4333639871	SMP	1	0.00	0.00	0.00	0.00	-1	
4333648109	SMP	1	0.00	0.00	0.00	0.00	-1	
4333656420	SMP	1	0.00	0.00	0.00	0.00	-1	
4333664737	SMP	1	0.00	0.00	0.00	0.00	-1	
4333674113	SMP	1	0.00	0.00	0.00	0.00	-1	
4333681519	SMP	1	0.00	0.00	0.00	0.00	-1	
4333689767	SMP	1	0.00	0.00	0.00	0.00	-1	
4333698104	SMP	1	0.00	0.00	0.00	0.00	-1	
4333706646	SMP	1	0.00	0.00	0.00	0.00	-1	
4333714724	SMP	1	0.00	0.00	0.00	0.00	-1	
4333723123	SMP	1	0.00	0.00	0.00	0.00	-1	
4333731525	SMP	1	0.00	0.00	0.00	0.00	-1	
4333739945	SMP	1	0.00	0.00	0.00	0.00	-1	
4333748133	SMP	1	0.00	0.00	0.00	0.00	-1	
4333756532	SMP	1	0.00	0.00	0.00	0.00	-1	
4333764859	SMP	1	0.00	0.00	0.00	0.00	-1	
4333773355	SMP	1	0.00	0.00	0.00	0.00	-1	
4333781509	SMP	1	0.00	0.00	0.00	0.00	-1	
4333789904	SMP	1	0.00	0.00	0.00	0.00	-1	
4333798235	SMP	1	0.00	0.00	0.00	0.00	-1	
4333806698	SMP	1	0.00	0.00	0.00	0.00	-1	
4333814889	SMP	1	0.00	0.00	0.00	0.00	-1	
4333823240	SMP	1	0.00	0.00	0.00	0.00	-1	
4333831608	SMP	1	0.00	0.00	0.00	0.00	-1	
4333839968	SMP	1	0.00	0.00	0.00	0.00	-1	
4333848230	SMP	1	0.00	0.00	0.00	0.00	-1	
4333856666	SMP	1	0.00	0.00	0.00	0.00	-1	
4333864980	SMP	1	0.00	0.00	0.00	0.00	-1	
4333873923	SMP	1	0.00	0.00	0.00	0.00	-1	
4333881634	SMP	1	0.00	0.00	0.00	0.00	-1	
4333889993	SMP	1	0.00	0.00	0.00	0.00	-1	
4333898353	SMP	1	0.00	0.00	0.00	0.00	-1	
4333906672	SMP	1	0.00	0.00	0.00	0.00	-1	
4333914988	SMP	1	0.00	0.00	0.00	0.00	-1	
4333923399	SMP	1	0.00	0.00	0.00	0.00	-1	
4333931761	SMP	1	0.00	0.00	0.00	0.00	-1	
4333940011	SMP	1	0.00	0.00	0.00	0.00	-1	
4333948397	SMP	1	0.00	0.00	0.00	0.00	-1	
4333956794	SMP	1	0.00	0.00	0.00	0.00	-1	
4333965035	SMP	1	0.00	0.00	0.00	0.00	-1	
4333973395	SMP	1	0.00	0.00	0.00	0.00	-1	
4333981715	SMP	1	0.00	0.00	0.00	0.00	-1	
4333990112	SMP	1	0.00	0.00	0.00	0.00	-1	
4333998347	SMP	1	0.00	0.00	0.00	0.00	-1	
4334006744	SMP	1	0.00	0.00	0.00	0.00	-1	
4334015103	SMP	1	0.00	0.00	0.00	0.00	-1	
4334023460	SMP	1	0.00	0.00	0.00	0.00	-1	
4334031754	SMP	1	0.00	0.00	0.00	0.00	-1	
4334040910	SMP	1	0.00	0.00	0.00	0.00	-1	
4334048401	SMP	1	0.00	0.00	0.00	0.00	-1	
4334056898	SMP	1	0.00	0.00	0.00	0.00	-1	
4334065101	SMP	1	0.00	0.00	0.00	0.00	-1	
4334073829	SMP	1	0.00	0.00	0.00	0.00	-1	
4334081885	SMP	1	0.00	0.00	0.00	0.00	-1	
4334090260	SMP	1	0.00	0.00	0.00	0.00	-1	
4334098485	SMP	1	0.00	0.00	0.00	0.00	-1	
4334107283	SMP	1	0.00	0.00	0.00	0.00	-1	
4334115220	SMP	1	0.00	0.00	0.00	0.00	-1	
4334123482	SMP	1	0.00	0.00	0.00	0.00	-1	
4334131887	SMP	1	0.00	0.00	0.00	0.00	-1	
4334140261	SMP	1	0.00	0.00	0.00	0.00	-1	
4334148598	SMP	1	0.00	0.00	0.00	0.00	-1	
4334156871	SMP	1	0.00	0.00	0.00	0.00	-1	
4334165225	SMP	1	0.00	0.00	0.00	0.00	-1	
4334173624	SMP	1	0.00	0.00	0.00	0.00	-1	
4334181977	SMP	1	0.00	0.00	0.00	0.00	-1	
4334190275	SMP	1	0.00	0.00	0.00	0.00	-1	
4334198560	SMP	1	0.00	0.00	0.00	0.00	-1	
4334207008	SMP	1	0.00	0.00	0.00	0.00	-1	
4334232109	SMP	1	0.00	0.00	0.00	0.00	-1	
4334240438	SMP	1	0.00	0.00	0.00	0.00	-1	
4334248648	SMP	1	0.00	0.00	0.00	0.00	-1	
4334257023	SMP	1	0.00	0.00	0.00	0.00	-1	
4334265384	SMP	1	0.00	0.00	0.00	0.00	-1	
4334273876	SMP	1	0.00	0.00	0.00	0.00	-1	
4334282024	SMP	1	0.00	0.00	0.00	0.00	-1	
4334290348	SMP	1	0.00	0.00	0.00	0.00	-1	
4334298727	SMP	1	0.00	0.00	0.00	0.00	-1	
4334307612	SMP	1	0.00	0.00	0.00	0.00	-1	
4334315367	SMP	1	0.00	0.00	0.00	0.00	-1	
4334323740	SMP	1	0.00	0.00	0.00	0.00	-1	
4334332129	SMP	1	0.00	0.00	0.00	0.00	-1	
4334340634	SMP	1	0.00	0.00	0.00	0.00	-1	
4334348770	SMP	1	0.00	0.00	0.00	0.00	-1	
4334357086	SMP	1	0.00	0.00	0.00	0.00	-1	
4334365513	SMP	1	0.00	0.00	0.00	0.00	-1	
4334373731	SMP	1	0.00	0.00	0.00	0.00	-1	
4334382183	SMP	1	0.00	0.00	0.00	0.00	-1	
4334390471	SMP	1	0.00	0.00	0.00	0.00	-1	
4334398899	SMP	1	0.00	0.00	0.00	0.00	-1	
4334407126	SMP	1	0.00	0.00	0.00	0.00	-1	
4334415519	SMP	1	0.00	0.00	0.00	0.00	-1	
4334423813	SMP	1	0.00	0.00	0.00	0.00	-1	
4334432348	SMP	1	0.00	0.00	0.00	0.00	-1	
4334440502	SMP	1	0.00	0.00	0.00	0.00	-1	
4334448905	SMP	1	0.00	0.00	0.00	0.00	-1	
4334457239	SMP	1	0.00	0.00	0.00	0.00	-1	
4334465645	SMP	1	0.00	0.00	0.00	0.00	-1	
4334474758	SMP	1	0.00	0.00	0.00	0.00	-1	
4334482345	SMP	1	0.00	0.00	0.00	0.00	-1	
4334490615	SMP	1	0.00	0.00	0.00	0.00	-1	
4334498971	SMP	1	0.00	0.00	0.00	0.00	-1	
4334507254	SMP	1	0.00	0.00	0.00	0.00	-1	
4334515641	SMP	1	0.00	0.00	0.00	0.00	-1	
4334524004	SMP	1	0.00	0.00	0.00	0.00	-1	
4334532283	SMP	1	0.00	0.00	0.00	0.00	-1	
4334540874	SMP	1	0.00	0.00	0.00	0.00	-1	
4334548991	SMP	1	0.00	0.00	0.00	0.00	-1	
4334557397	SMP	1	0.00	0.00	0.00	0.00	-1	
4334565637	SMP	1	0.00	0.00	0.00	0.00	-1	
4334574000	SMP	1	0.00	0.00	0.00	0.00	-1	
4334582396	SMP	1	0.00	0.00	0.00	0.00	-1	
4334590764	SMP	1	0.00	0.00	0.00	0.00	-1	
4334598985	SMP	1	0.00	0.00	0.00	0.00	-1	
4334607411	SMP	1	0.00	0.00	0.00	0.00	-1	
4334782081	SMP	1	0.00	0.00	0.00	0.00	-1	
4334831829	SMP	1	0.00	0.00	0.00	0.00	-1	
4334881891	SMP	1	0.00	0.00	0.00	0.00	-1	
4334931872	SMP	1	0.00	0.00	0.00	0.00	-1	
4334981926	SMP	1	0.00	0.00	0.00	0.00	-1	
4335032188	SMP	1	0.00	0.00	0.00	0.00	-1	
4335082292	SMP	1	0.00	0.00	0.00	0.00	-1	
4335131981	SMP	1	0.00	0.00	0.00	0.00	-1	
4335182105	SMP	1	0.00	0.00	0.00	0.00	-1	
4335232187	SMP	1	0.00	0.00	0.00	0.00	-1	
4335282111	SMP	1	0.00	0.00	0.00	0.00	-1	
4335332160	SMP	1	0.00	0.00	0.00	0.00	-1	
4335382061	SMP	1	0.00	0.00	0.00	0.00	-1	
4335432373	SMP	1	0.00	0.00	0.00	0.00	-1	
4335482367	SMP	1	0.00	0.00	0.00	0.00	-1	
4335532236	SMP	1	0.00	0.00	0.00	0.00	-1	
4335582250	SMP	1	0.00	0.00	0.00	0.00	-1	
4335632366	SMP	1	0.00	0.00	0.00	0.00	-1	
4335682325	SMP	1	0.00	0.00	0.00	0.00	-1	
4335732404	SMP	1	0.00	0.00	0.00	0.00	-1	
4335782314	SMP	1	0.00	0.00	0.00	0.00	-1	
4335832591	SMP	1	0.00	0.00	0.00	0.00	-1	
4335882469	SMP	1	0.00	0.00	0.00	0.00	-1	
4335932352	SMP	1	0.00	0.00	0.00	0.00	-1	
4335982683	SMP	1	0.00	0.00	0.00	0.00	-1	
4336032645	SMP	1	0.00	0.00	0.00	0.00	-1	
4336082526	SMP	1	0.00	0.00	0.00	0.00	-1	
4336132460	SMP	1	0.00	0.00	0.00	0.00	-1	
4336182698	SMP	1	0.00	0.00	0.00	0.00	-1	
4336232786	SMP	1	0.00	0.00	0.00	0.00	-1	
4336282665	SMP	1	0.00	0.00	0.00	0.00	-1	
4336332631	SMP	1	0.00	0.00	0.00	0.00	-1	
4336382651	SMP	1	0.00	0.00	0.00	0.00	-1	
4336432710	SMP	1	0.00	0.00	0.00	0.00	-1	
4336482726	SMP	1	0.00	0.00	0.00	0.00	-1	
4336532746	SMP	1	0.00	0.00	0.00	0.00	-1	
4336582692	SMP	1	0.00	0.00	0.00	0.00	-1	
4336632885	SMP	1	0.00	0.00	0.00	0.00	-1	
4336682924	SMP	1	0.00	0.00	0.00	0.00	-1	
4336732787	SMP	1	0.00	0.00	0.00	0.00	-1	
4336782844	SMP	1	0.00	0.00	0.00	0.00	-1	
4336832772	SMP	1	0.00	0.00	0.00	0.00	-1	
4336882878	SMP	1	0.00	0.00	0.00	0.00	-1	
4336932930	SMP	1	0.00	0.00	0.00	0.00	-1	
4336983079	SMP	1	0.00	0.00	0.00	0.00	-1	
4337033257	SMP	1	0.00	0.00	0.00	0.00	-1	
4337083211	SMP	1	0.00	0.00	0.00	0.00	-1	
4337132971	SMP	1	0.00	0.00	0.00	0.00	-1	
4337183787	SMP	1	0.00	0.00	0.00	0.00	-1	
4337255947	SMP	1	0.00	0.00	0.00	0.00	-1	
4337264079	SMP	1	0.00	0.00	0.00	0.00	-1	
4337272393	SMP	1	0.00	0.00	0.00	0.00	-1	
4337281168	SMP	1	0.00	0.00	0.00	0.00	-1	
4337289064	SMP	1	0.00	0.00	0.00	0.00	-1	
4337297440	SMP	1	0.00	0.00	0.00	0.00	-1	
4337305828	SMP	1	0.00	0.00	0.00	0.00	-1	
4337314063	SMP	1	0.00	0.00	0.00	0.00	-1	
4337322431	SMP	1	0.00	0.00	0.00	0.00	-1	
4337330828	SMP	1	0.00	0.00	0.00	0.00	-1	
4337339104	SMP	1	0.00	0.00	0.00	0.00	-1	
4337347451	SMP	1	0.00	0.00	0.00	0.00	-1	
4337355796	SMP	1	0.00	0.00	0.00	0.00	-1	
4337364169	SMP	1	0.00	0.00	0.00	0.00	-1	
4337372433	SMP	1	0.00	0.00	0.00	0.00	-1	
4337380829	SMP	1	0.00	0.00	0.00	0.00	-1	
4337389174	SMP	1	0.00	0.00	0.00	0.00	-1	
4337397570	SMP	1	0.00	0.00	0.00	0.00	-1	
4337405811	SMP	1	0.00	0.00	0.00	0.00	-1	
4337414209	SMP	1	0.00	0.00	0.00	0.00	-1	
4337422498	SMP	1	0.00	0.00	0.00	0.00	-1	
4337430950	SMP	1	0.00	0.00	0.00	0.00	-1	
4337439183	SMP	1	0.00	0.00	0.00	0.00	-1	
4337447542	SMP	1	0.00	0.00	0.00	0.00	-1	
4337455910	SMP	1	0.00	0.00	0.00	0.00	-1	
4337464141	SMP	1	0.00	0.00	0.00	0.00	-1	
4337472549	SMP	1	0.00	0.00	0.00	0.00	-1	
4337480960	SMP	1	0.00	0.00	0.00	0.00	-1	
4337489335	SMP	1	0.00	0.00	0.00	0.00	-1	
4337497569	SMP	1	0.00	0.00	0.00	0.00	-1	
4337505959	SMP	1	0.00	0.00	0.00	0.00	-1	
4337514285	SMP	1	0.00	0.00	0.00	0.00	-1	
4337522695	SMP	1	0.00	0.00	0.00	0.00	-1	
4337530904	SMP	1	0.00	0.00	0.00	0.00	-1	
4337539288	SMP	1	0.00	0.00	0.00	0.00	-1	
4337547705	SMP	1	0.00	0.00	0.00	0.00	-1	
4337556047	SMP	1	0.00	0.00	0.00	0.00	-1	
4337564321	SMP	1	0.00	0.00	0.00	0.00	-1	
4337572658	SMP	1	0.00	0.00	0.00	0.00	-1	
4337581072	SMP	1	0.00	0.00	0.00	0.00	-1	
4337589294	SMP	1	0.00	0.00	0.00	0.00	-1	
4337597687	SMP	1	0.00	0.00	0.00	0.00	-1	
4337606027	SMP	1	0.00	0.00	0.00	0.00	-1	
4337614432	SMP	1	0.00	0.00	0.00	0.00	-1	
4337622694	SMP	1	0.00	0.00	0.00	0.00	-1	
4337631001	SMP	1	0.00	0.00	0.00	0.00	-1	
4337639420	SMP	1	0.00	0.00	0.00	0.00	-1	
4337647843	SMP	1	0.00	0.00	0.00	0.00	-1	
4337656103	SMP	1	0.00	0.00	0.00	0.00	-1	
4337664447	SMP	1	0.00	0.00	0.00	0.00	-1	
4337672766	SMP	1	0.00	0.00	0.00	0.00	-1	
4337681717	SMP	1	0.00	0.00	0.00	0.00	-1	
4337689429	SMP	1	0.00	0.00	0.00	0.00	-1	
4337697775	SMP	1	0.00	0.00	0.00	0.00	-1	
4337706192	SMP	1	0.00	0.00	0.00	0.00	-1	
4337714574	SMP	1	0.00	0.00	0.00	0.00	-1	
4337722810	SMP	1	0.00	0.00	0.00	0.00	-1	
4337731198	SMP	1	0.00	0.00	0.00	0.00	-1	
4337739520	SMP	1	0.00	0.00	0.00	0.00	-1	
4337747837	SMP	1	0.00	0.00	0.00	0.00	-1	
4337756172	SMP	1	0.00	0.00	0.00	0.00	-1	
4337764563	SMP	1	0.00	0.00	0.00	0.00	-1	
4337772900	SMP	1	0.00	0.00	0.00	0.00	-1	
4337781204	SMP	1	0.00	0.00	0.00	0.00	-1	
4337789538	SMP	1	0.00	0.00	0.00	0.00	-1	
4337797931	SMP	1	0.00	0.00	0.00	0.00	-1	
4337806314	SMP	1	0.00	0.00	0.00	0.00	-1	
4337815163	SMP	1	0.00	0.00	0.00	0.00	-1	
4337822925	SMP	1	0.00	0.00	0.00	0.00	-1	
4337831341	SMP	1	0.00	0.00	0.00	0.00	-1	
4337839694	SMP	1	0.00	0.00	0.00	0.00	-1	
4337848037	SMP	1	0.00	0.00	0.00	0.00	-1	
4337856293	SMP	1	0.00	0.00	0.00	0.00	-1	
4337864649	SMP	1	0.00	0.00	0.00	0.00	-1	
4337872931	SMP	1	0.00	0.00	0.00	0.00	-1	
4337881291	SMP	1	0.00	0.00	0.00	0.00	-1	
4337889672	SMP	1	0.00	0.00	0.00	0.00	-1	
4337898053	SMP	1	0.00	0.00	0.00	0.00	-1	
4337906267	SMP	1	0.00	0.00	0.00	0.00	-1	
4337914691	SMP	1	0.00	0.00	0.00	0.00	-1	
4337923155	SMP	1	0.00	0.00	0.00	0.00	-1	
4337931404	SMP	1	0.00	0.00	0.00	0.00	-1	
4337939646	SMP	1	0.00	0.00	0.00	0.00	-1	
4337948068	SMP	1	0.00	0.00	0.00	0.00	-1	
4337956417	SMP	1	0.00	0.00	0.00	0.00	-1	
4337964812	SMP	1	0.00	0.00	0.00	0.00	-1	
4337973096	SMP	1	0.00	0.00	0.00	0.00	-1	
4337981446	SMP	1	0.00	0.00	0.00	0.00	-1	
4337989758	SMP	1	0.00	0.00	0.00	0.00	-1	
4337998091	SMP	1	0.00	0.00	0.00	0.00	-1	
4338006414	SMP	1	0.00	0.00	0.00	0.00	-1	
4338014814	SMP	1	0.00	0.00	0.00	0.00	-1	
4338023259	SMP	1	0.00	0.00	0.00	0.00	-1	
4338031391	SMP	1	0.00	0.00	0.00	0.00	-1	
4338039809	SMP	1	0.00	0.00	0.00	0.00	-1	
4338048179	SMP	1	0.00	0.00	0.00	0.00	-1	
4338056556	SMP	1	0.00	0.00	0.00	0.00	-1	
4338064797	SMP	1	0.00	0.00	0.00	0.00	-1	
4338073265	SMP	1	0.00	0.00	0.00	0.00	-1	
4338081534	SMP	1	0.00	0.00	0.00	0.00	-1	
4338098141	SMP	1	0.00	0.00	0.00	0.00	-1	
4338106518	SMP	1	0.00	0.00	0.00	0.00	-1	
4338114915	SMP	1	0.00	0.00	0.00	0.00	-1	
4338123174	SMP	1	0.00	0.00	0.00	0.00	-1	
4338131545	SMP	1	0.00	0.00	0.00	0.00	-1	
4338139936	SMP	1	0.00	0.00	0.00	0.00	-1	
4338148314	SMP	1	0.00	0.00	0.00	0.00	-1	
4338156525	SMP	1	0.00	0.00	0.00	0.00	-1	
4338164898	SMP	1	0.00	0.00	0.00	0.00	-1	
4338173320	SMP	1	0.00	0.00	0.00	0.00	-1	
4338181764	SMP	1	0.00	0.00	0.00	0.00	-1	
4338189932	SMP	1	0.00	0.00	0.00	0.00	-1	
4338198263	SMP	1	0.00	0.00	0.00	0.00	-1	
4338206665	SMP	1	0.00	0.00	0.00	0.00	-1	
4338215090	SMP	1	0.00	0.00	0.00	0.00	-1	
4338223287	SMP	1	0.00	0.00	0.00	0.00	-1	
4338231645	SMP	1	0.00	0.00	0.00	0.00	-1	
4338240029	SMP	1	0.00	0.00	0.00	0.00	-1	
4338248476	SMP	1	0.00	0.00	0.00	0.00	-1	
4338256648	SMP	1	0.00	0.00	0.00	0.00	-1	
4338265036	SMP	1	0.00	0.00	0.00	0.00	-1	
4338273372	SMP	1	0.00	0.00	0.00	0.00	-1	
4338281678	SMP	1	0.00	0.00	0.00	0.00	-1	
4338290055	SMP	1	0.00	0.00	0.00	0.00	-1	
4338298351	SMP	1	0.00	0.00	0.00	0.00	-1	
4338306862	SMP	1	0.00	0.00	0.00	0.00	-1	
4338315075	SMP	1	0.00	0.00	0.00	0.00	-1	
4338323392	SMP	1	0.00	0.00	0.00	0.00	-1	
4338331766	SMP	1	0.00	0.00	0.00	0.00	-1	
4338340155	SMP	1	0.00	0.00	0.00	0.00	-1	
4338348432	SMP	1	0.00	0.00	0.00	0.00	-1	
4338356751	SMP	1	0.00	0.00	0.00	0.00	-1	
4338365150	SMP	1	0.00	0.00	0.00	0.00	-1	
4338373514	SMP	1	0.00	0.00	0.00	0.00	-1	
4338381837	SMP	1	0.00	0.00	0.00	0.00	-1	
4338390154	SMP	1	0.00	0.00	0.00	0.00	-1	
4338398565	SMP	1	0.00	0.00	0.00	0.00	-1	
4338406790	SMP	1	0.00	0.00	0.00	0.00	-1	
4338415191	SMP	1	0.00	0.00	0.00	0.00	-1	
4338423532	SMP	1	0.00	0.00	0.00	0.00	-1	
4338431912	SMP	1	0.00	0.00	0.00	0.00	-1	
4338440620	SMP	1	0.00	0.00	0.00	0.00	-1	
4338448521	SMP	1	0.00	0.00	0.00	0.00	-1	
4338456912	SMP	1	0.00	0.00	0.00	0.00	-1	
4338465267	SMP	1	0.00	0.00	0.00	0.00	-1	
4338473754	SMP	1	0.00	0.00	0.00	0.00	-1	
4338481950	SMP	1	0.00	0.00	0.00	0.00	-1	
4338490298	SMP	1	0.00	0.00	0.00	0.00	-1	
4338498668	SMP	1	0.00	0.00	0.00	0.00	-1	
4338665004	SMP	1	0.00	0.00	0.00	0.00	-1	
4338714790	SMP	1	0.00	0.00	0.00	0.00	-1	
4338764807	SMP	1	0.00	0.00	0.00	0.00	-1	
4338814743	SMP	1	0.00	0.00	0.00	0.00	-1	
4338864894	SMP	1	0.00	0.00	0.00	0.00	-1	
4338914881	SMP	1	0.00	0.00	0.00	0.00	-1	
4338964910	SMP	1	0.00	0.00	0.00	0.00	-1	
4339015017	SMP	1	0.00	0.00	0.00	0.00	-1	
4339064903	SMP	1	0.00	0.00	0.00	0.00	-1	
4339115182	SMP	1	0.00	0.00	0.00	0.00	-1	
4339165024	SMP	1	0.00	0.00	0.00	0.00	-1	
4339215007	SMP	1	0.00	0.00	0.00	0.00	-1	
4339265027	SMP	1	0.00	0.00	0.00	0.00	-1	
4339315062	SMP	1	0.00	0.00	0.00	0.00	-1	
4339365097	SMP	1	0.00	0.00	0.00	0.00	-1	
4339415172	SMP	1	0.00	0.00	0.00	0.00	-1	
4339465139	SMP	1	0.00	0.00	0.00	0.00	-1	
4339515313	SMP	1	0.00	0.00	0.00	0.00	-1	
4339565245	SMP	1	0.00	0.00	0.00	0.00	-1	
4339615274	SMP	1	0.00	0.00	0.00	0.00	-1	
4339665260	SMP	1	0.00	0.00	0.00	0.00	-1	
4339788113	SMP	1	0.00	0.00	0.00	0.00	-1	
4339796264	SMP	1	0.00	0.00	0.00	0.00	-1	
4339804642	SMP	1	0.00	0.00	0.00	0.00	-1	
4339813133	SMP	1	0.00	0.00	0.00	0.00	-1	
4339821283	SMP	1	0.00	0.00	0.00	0.00	-1	
4339829625	SMP	1	0.00	0.00	0.00	0.00	-1	
4339838001	SMP	1	0.00	0.00	0.00	0.00	-1	
4339846411	SMP	1	0.00	0.00	0.00	0.00	-1	
4339854598	SMP	1	0.00	0.00	0.00	0.00	-1	
4339863135	SMP	1	0.00	0.00	0.00	0.00	-1	
4339871377	SMP	1	0.00	0.00	0.00	0.00	-1	
4339879817	SMP	1	0.00	0.00	0.00	0.00	-1	
4339888024	SMP	1	0.00	0.00	0.00	0.00	-1	
4339896397	SMP	1	0.00	0.00	0.00	0.00	-1	
4339904718	SMP	1	0.00	0.00	0.00	0.00	-1	
4339913020	SMP	1	0.00	0.00	0.00	0.00	-1	
4339921406	SMP	1	0.00	0.00	0.00	0.00	-1	
4339929844	SMP	1	0.00	0.00	0.00	0.00	-1	
4339938097	SMP	1	0.00	0.00	0.00	0.00	-1	
4339946389	SMP	1	0.00	0.00	0.00	0.00	-1	
4339954734	SMP	1	0.00	0.00	0.00	0.00	-1	
4339963225	SMP	1	0.00	0.00	0.00	0.00	-1	
4339971488	SMP	1	0.00	0.00	0.00	0.00	-1	
4339979773	SMP	1	0.00	0.00	0.00	0.00	-1	
4339988061	SMP	1	0.00	0.00	0.00	0.00	-1	
4339996497	SMP	1	0.00	0.00	0.00	0.00	-1	
4340004894	SMP	1	0.00	0.00	0.00	0.00	-1	
4340013153	SMP	1	0.00	0.00	0.00	0.00	-1	
4340021534	SMP	1	0.00	0.00	0.00	0.00	-1	
4340029847	SMP	1	0.00	0.00	0.00	0.00	-1	
4340038130	SMP	1	0.00	0.00	0.00	0.00	-1	
4340046698	SMP	1	0.00	0.00	0.00	0.00	-1	
4340054875	SMP	1	0.00	0.00	0.00	0.00	-1	
4340063218	SMP	1	0.00	0.00	0.00	0.00	-1	
4340071444	SMP	1	0.00	0.00	0.00	0.00	-1	
4340238051	SMP	1	0.00	0.00	0.00	0.00	-1	
4340287811	SMP	1	0.00	0.00	0.00	0.00	-1	
4340337769	SMP	1	0.00	0.00	0.00	0.00	-1	
4340387706	SMP	1	0.00	0.00	0.00	0.00	-1	
4340437749	SMP	1	0.00	0.00	0.00	0.00	-1	
4340488099	SMP	1	0.00	0.00	0.00	0.00	-1	
4340537834	SMP	1	0.00	0.00	0.00	0.00	-1	
4340587831	SMP	1	0.00	0.00	0.00	0.00	-1	
4340637884	SMP	1	0.00	0.00	0.00	0.00	-1	
4340687860	SMP	1	0.00	0.00	0.00	0.00	-1	
4340737941	SMP	1	0.00	0.00	0.00	0.00	-1	
4340787931	SMP	1	0.00	0.00	0.00	0.00	-1	
4340838010	SMP	1	0.00	0.00	0.00	0.00	-1	
4340887959	SMP	1	0.00	0.00	0.00	0.00	-1	
4340938028	SMP	1	0.00	0.00	0.00	0.00	-1	
4340988109	SMP	1	0.00	0.00	0.00	0.00	-1	
4341038127	SMP	1	0.00	0.00	0.00	0.00	-1	
4341088135	SMP	1	0.00	0.00	0.00	0.00	-1	
4341138132	SMP	1	0.00	0.00	0.00	0.00	-1	
4341188084	SMP	1	0.00	0.00	0.00	0.00	-1	
4341238238	SMP	1	0.00	0.00	0.00	0.00	-1	
4341311065	SMP	1	0.00	0.00	0.00	0.00	-1	
4341319155	SMP	1	0.00	0.00	0.00	0.00	-1	
4341327634	SMP	1	0.00	0.00	0.00	0.00	-1	
4341335822	SMP	1	0.00	0.00	0.00	0.00	-1	
4341344249	SMP	1	0.00	0.00	0.00	0.00	-1	
4341352620	SMP	1	0.00	0.00	0.00	0.00	-1	
4341360868	SMP	1	0.00	0.00	0.00	0.00	-1	
4341369298	SMP	1	0.00	0.00	0.00	0.00	-1	
4341377578	SMP	1	0.00	0.00	0.00	0.00	-1	
4341385960	SMP	1	0.00	0.00	0.00	0.00	-1	
4341394196	SMP	1	0.00	0.00	0.00	0.00	-1	
4341402556	SMP	1	0.00	0.00	0.00	0.00	-1	
4341411512	SMP	1	0.00	0.00	0.00	0.00	-1	
4341419365	SMP	1	0.00	0.00	0.00	0.00	-1	
4341427547	SMP	1	0.00	0.00	0.00	0.00	-1	
4341435963	SMP	1	0.00	0.00	0.00	0.00	-1	
4341444325	SMP	1	0.00	0.00	0.00	0.00	-1	
4341452735	SMP	1	0.00	0.00	0.00	0.00	-1	
4341460981	SMP	1	0.00	0.00	0.00	0.00	-1	
4341469331	SMP	1	0.00	0.00	0.00	0.00	-1	
4341477695	SMP	1	0.00	0.00	0.00	0.00	-1	
4341485967	SMP	1	0.00	0.00	0.00	0.00	-1	
4341494334	SMP	1	0.00	0.00	0.00	0.00	-1	
4341502712	SMP	1	0.00	0.00	0.00	0.00	-1	
4341511157	SMP	1	0.00	0.00	0.00	0.00	-1	
4341519366	SMP	1	0.00	0.00	0.00	0.00	-1	
4341527696	SMP	1	0.00	0.00	0.00	0.00	-1	
4341536066	SMP	1	0.00	0.00	0.00	0.00	-1	
4341544444	SMP	1	0.00	0.00	0.00	0.00	-1	
4341552728	SMP	1	0.00	0.00	0.00	0.00	-1	
4341561083	SMP	1	0.00	0.00	0.00	0.00	-1	
4341569492	SMP	1	0.00	0.00	0.00	0.00	-1	
4341577837	SMP	1	0.00	0.00	0.00	0.00	-1	
4341586113	SMP	1	0.00	0.00	0.00	0.00	-1	
4341594454	SMP	1	0.00	0.00	0.00	0.00	-1	
4341602798	SMP	1	0.00	0.00	0.00	0.00	-1	
4341611210	SMP	1	0.00	0.00	0.00	0.00	-1	
4341619475	SMP	1	0.00	0.00	0.00	0.00	-1	
4341627824	SMP	1	0.00	0.00	0.00	0.00	-1	
4341636229	SMP	1	0.00	0.00	0.00	0.00	-1	
4341644458	SMP	1	0.00	0.00	0.00	0.00	-1	
4341652866	SMP	1	0.00	0.00	0.00	0.00	-1	
4341661211	SMP	1	0.00	0.00	0.00	0.00	-1	
4341669571	SMP	1	0.00	0.00	0.00	0.00	-1	
4341677834	SMP	1	0.00	0.00	0.00	0.00	-1	
4341686535	SMP	1	0.00	0.00	0.00	0.00	-1	
4341694595	SMP	1	0.00	0.00	0.00	0.00	-1	
4341703115	SMP	1	0.00	0.00	0.00	0.00	-1	
4341711452	SMP	1	0.00	0.00	0.00	0.00	-1	
4341719896	SMP	1	0.00	0.00	0.00	0.00	-1	
4341727971	SMP	1	0.00	0.00	0.00	0.00	-1	
4341736175	SMP	1	0.00	0.00	0.00	0.00	-1	
4341744571	SMP	1	0.00	0.00	0.00	0.00	-1	
4341753018	SMP	1	0.00	0.00	0.00	0.00	-1	
4341761345	SMP	1	0.00	0.00	0.00	0.00	-1	
4341769643	SMP	1	0.00	0.00	0.00	0.00	-1	
4341777918	SMP	1	0.00	0.00	0.00	0.00	-1	
4341786340	SMP	1	0.00	0.00	0.00	0.00	-1	
4341794696	SMP	1	0.00	0.00	0.00	0.00	-1	
4341803069	SMP	1	0.00	0.00	0.00	0.00	-1	
4341811322	SMP	1	0.00	0.00	0.00	0.00	-1	
4341819729	SMP	1	0.00	0.00	0.00	0.00	-1	
4341828110	SMP	1	0.00	0.00	0.00	0.00	-1	
4341836356	SMP	1	0.00	0.00	0.00	0.00	-1	
4341845261	SMP	1	0.00	0.00	0.00	0.00	-1	
4341853101	SMP	1	0.00	0.00	0.00	0.00	-1	
4341861434	SMP	1	0.00	0.00	0.00	0.00	-1	
4341869700	SMP	1	0.00	0.00	0.00	0.00	-1	
4341878057	SMP	1	0.00	0.00	0.00	0.00	-1	
4341886452	SMP	1	0.00	0.00	0.00	0.00	-1	
4341894678	SMP	1	0.00	0.00	0.00	0.00	-1	
4341903137	SMP	1	0.00	0.00	0.00	0.00	-1	
4341912159	SMP	1	0.00	0.00	0.00	0.00	-1	
4341919825	SMP	1	0.00	0.00	0.00	0.00	-1	
4341928060	SMP	1	0.00	0.00	0.00	0.00	-1	
4341936474	SMP	1	0.00	0.00	0.00	0.00	-1	
4341944813	SMP	1	0.00	0.00	0.00	0.00	-1	
4341953212	SMP	1	0.00	0.00	0.00	0.00	-1	
4341961488	SMP	1	0.00	0.00	0.00	0.00	-1	
4341969853	SMP	1	0.00	0.00	0.00	0.00	-1	
4341978182	SMP	1	0.00	0.00	0.00	0.00	-1	
4341986566	SMP	1	0.00	0.00	0.00	0.00	-1	
4341994826	SMP	1	0.00	0.00	0.00	0.00	-1	
4342003222	SMP	1	0.00	0.00	0.00	0.00	-1	
4342012171	SMP	1	0.00	0.00	0.00	0.00	-1	
4342019846	SMP	1	0.00	0.00	0.00	0.00	-1	
4342028185	SMP	1	0.00	0.00	0.00	0.00	-1	
4342036555	SMP	1	0.00	0.00	0.00	0.00	-1	
4342045484	SMP	1	0.00	0.00	0.00	0.00	-1	
4342053200	SMP	1	0.00	0.00	0.00	0.00	-1	
4342061593	SMP	1	0.00	0.00	0.00	0.00	-1	
4342069928	SMP	1	0.00	0.00	0.00	0.00	-1	
4342078318	SMP	1	0.00	0.00	0.00	0.00	-1	
4342086599	SMP	1	0.00	0.00	0.00	0.00	-1	
4342094922	SMP	1	0.00	0.00	0.00	0.00	-1	
4342103307	SMP	1	0.00	0.00	0.00	0.00	-1	
4342111674	SMP	1	0.00	0.00	0.00	0.00	-1	
4342120015	SMP	1	0.00	0.00	0.00	0.00	-1	
4342128337	SMP	1	0.00	0.00	0.00	0.00	-1	
4342136718	SMP	1	0.00	0.00	0.00	0.00	-1	
4342145046	SMP	1	0.00	0.00	0.00	0.00	-1	
4342153319	SMP	1	0.00	0.00	0.00	0.00	-1	
4342161710	SMP	1	0.00	0.00	0.00	0.00	-1	
4342170118	SMP	1	0.00	0.00	0.00	0.00	-1	
4342178299	SMP	1	0.00	0.00	0.00	0.00	-1	
4342186708	SMP	1	0.00	0.00	0.00	0.00	-1	
4342195081	SMP	1	0.00	0.00	0.00	0.00	-1	
4342203449	SMP	1	0.00	0.00	0.00	0.00	-1	
4342212378	SMP	1	0.00	0.00	0.00	0.00	-1	
4342220094	SMP	1	0.00	0.00	0.00	0.00	-1	
4342228433	SMP	1	0.00	0.00	0.00	0.00	-1	
4342236822	SMP	1	0.00	0.00	0.00	0.00	-1	
4342245058	SMP	1	0.00	0.00	0.00	0.00	-1	
4342253475	SMP	1	0.00	0.00	0.00	0.00	-1	
4342261820	SMP	1	0.00	0.00	0.00	0.00	-1	
4342270319	SMP	1	0.00	0.00	0.00	0.00	-1	
4342278433	SMP	1	0.00	0.00	0.00	0.00	-1	
4342286815	SMP	1	0.00	0.00	0.00	0.00	-1	
4342295154	SMP	1	0.00	0.00	0.00	0.00	-1	
4342303418	SMP	1	0.00	0.00	0.00	0.00	-1	
4342312110	SMP	1	0.00	0.00	0.00	0.00	-1	
4342320223	SMP	1	0.00	0.00	0.00	0.00	-1	
4342328575	SMP	1	0.00	0.00	0.00	0.00	-1	
4342345178	SMP	1	0.00	0.00	0.00	0.00	-1	
4342353585	SMP	1	0.00	0.00	0.00	0.00	-1	
4342361969	SMP	1	0.00	0.00	0.00	0.00	-1	
4342370213	SMP	1	0.00	0.00	0.00	0.00	-1	
4342378538	SMP	1	0.00	0.00	0.00	0.00	-1	
4342386919	SMP	1	0.00	0.00	0.00	0.00	-1	
4342395322	SMP	1	0.00	0.00	0.00	0.00	-1	
4342403587	SMP	1	0.00	0.00	0.00	0.00	-1	
4342413142	SMP	1	0.00	0.00	0.00	0.00	-1	
4342420329	SMP	1	0.00	0.00	0.00	0.00	-1	
4342428541	SMP	1	0.00	0.00	0.00	0.00	-1	
4342436951	SMP	1	0.00	0.00	0.00	0.00	-1	
4342445692	SMP	1	0.00	0.00	0.00	0.00	-1	
4342453701	SMP	1	0.00	0.00	0.00	0.00	-1	
4342461966	SMP	1	0.00	0.00	0.00	0.00	-1	
4342470292	SMP	1	0.00	0.00	0.00	0.00	-1	
4342478991	SMP	1	0.00	0.00	0.00	0.00	-1	
4342487057	SMP	1	0.00	0.00	0.00	0.00	-1	
4342495348	SMP	1	0.00	0.00	0.00	0.00	-1	
4342503673	SMP	1	0.00	0.00	0.00	0.00	-1	
4342512099	SMP	1	0.00	0.00	0.00	0.00	-1	
4342520482	SMP	1	0.00	0.00	0.00	0.00	-1	
4342528676	SMP	1	0.00	0.00	0.00	0.00	-1	
4342537010	SMP	1	0.00	0.00	0.00	0.00	-1	
4342545450	SMP	1	0.00	0.00	0.00	0.00	-1	
4342553791	SMP	1	0.00	0.00	0.00	0.00	-1	
4342562208	SMP	1	0.00	0.00	0.00	0.00	-1	
4342570438	SMP	1	0.00	0.00	0.00	0.00	-1	
4342578792	SMP	1	0.00	0.00	0.00	0.00	-1	
4342587072	SMP	1	0.00	0.00	0.00	0.00	-1	
4342595422	SMP	1	0.00	0.00	0.00	0.00	-1	
4342603811	SMP	1	0.00	0.00	0.00	0.00	-1	
4342612194	SMP	1	0.00	0.00	0.00	0.00	-1	
4342620464	SMP	1	0.00	0.00	0.00	0.00	-1	
4342628838	SMP	1	0.00	0.00	0.00	0.00	-1	
