## [iView]
## Converted from:	F:\transfer\to convert\negtracker5_1\050213_01-eye_data.idf
## Date:	02.05.2013 18:40:22
## Version:	IDF Converter 3.0.16
## IDF Version:	9
## Sample Rate:	120
## Separator Type:	Msg
## Trial Count:	1
## Uses Plane File:	False
## Number of Samples:	1180                                                                                                                                                                                                                                                            
## Reversed:	none
## [Run]
## Subject:	050213_01                                                                                                                                                                                                                                                       
## Description:	                                                                                                                                                                                                                                                                
## [Calibration]
## Calibration Type:	5-point
## Calibration Area:	1680	1050
## Calibration Point 0:	Position(840;525)
## Calibration Point 1:	Position(420;105)
## Calibration Point 2:	Position(1512;262)
## Calibration Point 3:	Position(1260;945)
## Calibration Point 4:	Position(167;787)
## [Geometry]
## Stimulus Dimension [mm]:	474	297
## Head Distance [mm]:	700
## [Hardware Setup]
## System ID:	IVR-X-1140-06110-SMU
## Operating System :	5.1
## iView X Version:	2.7.13
## [Filter Settings]
## Heuristic:	False
## Heuristic Stage:	0
## Bilateral:	True
## Gaze Cursor Filter:	True
## Saccade Length [px]:	80
## Filter Depth [ms]:	20
## Format:	LEFT, RIGHT, POR, MSG, FRAMECOUNTER
## 
Time	Type	Trial	L POR X [px]	L POR Y [px]	R POR X [px]	R POR Y [px]	Frame	Aux1
750170196	SMP	1	0.00	0.00	0.00	0.00		
750220194	SMP	1	0.00	0.00	0.00	0.00	-1	
750270261	SMP	1	0.00	0.00	0.00	0.00	-1	
750320405	SMP	1	0.00	0.00	0.00	0.00	-1	
750370338	SMP	1	0.00	0.00	0.00	0.00	-1	
750420390	SMP	1	0.00	0.00	0.00	0.00	-1	
750470340	SMP	1	0.00	0.00	0.00	0.00	-1	
750520342	SMP	1	0.00	0.00	0.00	0.00	-1	
750570366	SMP	1	0.00	0.00	0.00	0.00	-1	
750620494	SMP	1	0.00	0.00	0.00	0.00	-1	
750670468	SMP	1	0.00	0.00	0.00	0.00	-1	
750720457	SMP	1	0.00	0.00	0.00	0.00	-1	
750770502	SMP	1	0.00	0.00	0.00	0.00	-1	
750820620	SMP	1	0.00	0.00	0.00	0.00	-1	
750870550	SMP	1	0.00	0.00	0.00	0.00	-1	
750920656	SMP	1	0.00	0.00	0.00	0.00	-1	
750970583	SMP	1	0.00	0.00	0.00	0.00	-1	
751020574	SMP	1	0.00	0.00	0.00	0.00	-1	
751070603	SMP	1	0.00	0.00	0.00	0.00	-1	
751120774	SMP	1	0.00	0.00	0.00	0.00	-1	
751170765	SMP	1	0.00	0.00	0.00	0.00	-1	
751220753	SMP	1	0.00	0.00	0.00	0.00	-1	
751270749	SMP	1	0.00	0.00	0.00	0.00	-1	
751320807	SMP	1	0.00	0.00	0.00	0.00	-1	
751370893	SMP	1	0.00	0.00	0.00	0.00	-1	
751420882	SMP	1	0.00	0.00	0.00	0.00	-1	
751470878	SMP	1	0.00	0.00	0.00	0.00	-1	
751520901	SMP	1	0.00	0.00	0.00	0.00	-1	
751570908	SMP	1	0.00	0.00	0.00	0.00	-1	
751621000	SMP	1	0.00	0.00	0.00	0.00	-1	
751670992	SMP	1	0.00	0.00	0.00	0.00	-1	
751720931	SMP	1	0.00	0.00	0.00	0.00	-1	
751770991	SMP	1	0.00	0.00	0.00	0.00	-1	
751821124	SMP	1	0.00	0.00	0.00	0.00	-1	
751871153	SMP	1	0.00	0.00	0.00	0.00	-1	
751921168	SMP	1	0.00	0.00	0.00	0.00	-1	
751971084	SMP	1	0.00	0.00	0.00	0.00	-1	
752021140	SMP	1	0.00	0.00	0.00	0.00	-1	
752071179	SMP	1	0.00	0.00	0.00	0.00	-1	
752121236	SMP	1	0.00	0.00	0.00	0.00	-1	
752691838	MSG	1	# Message: elmo_duck.avi
752721457	SMP	1	0.00	0.00	0.00	0.00	-1	
752771493	SMP	1	0.00	0.00	0.00	0.00	-1	
752821523	SMP	1	0.00	0.00	0.00	0.00	-1	
752871627	SMP	1	0.00	0.00	0.00	0.00	-1	
752921602	SMP	1	0.00	0.00	0.00	0.00	-1	
752971738	SMP	1	0.00	0.00	0.00	0.00	-1	
753022005	SMP	1	0.00	0.00	0.00	0.00	-1	
753071710	SMP	1	0.00	0.00	0.00	0.00	-1	
753121980	SMP	1	0.00	0.00	0.00	0.00	-1	
753171750	SMP	1	0.00	0.00	0.00	0.00	-1	
753221694	SMP	1	0.00	0.00	0.00	0.00	-1	
753271812	SMP	1	0.00	0.00	0.00	0.00	-1	
753322134	SMP	1	0.00	0.00	0.00	0.00	-1	
753371855	SMP	1	0.00	0.00	0.00	0.00	-1	
753421928	SMP	1	0.00	0.00	0.00	0.00	-1	
753471877	SMP	1	0.00	0.00	0.00	0.00	-1	
753522139	SMP	1	0.00	0.00	0.00	0.00	-1	
753571966	SMP	1	0.00	0.00	0.00	0.00	-1	
753622547	SMP	1	0.00	0.00	0.00	0.00	-1	
753672055	SMP	1	0.00	0.00	0.00	0.00	-1	
753722018	SMP	1	0.00	0.00	0.00	0.00	-1	
753772148	SMP	1	0.00	0.00	0.00	0.00	-1	
753822185	SMP	1	0.00	0.00	0.00	0.00	-1	
753872161	SMP	1	0.00	0.00	0.00	0.00	-1	
753922283	SMP	1	0.00	0.00	0.00	0.00	-1	
753972297	SMP	1	0.00	0.00	0.00	0.00	-1	
754022071	SMP	1	0.00	0.00	0.00	0.00	-1	
754072203	SMP	1	0.00	0.00	0.00	0.00	-1	
754122372	SMP	1	0.00	0.00	0.00	0.00	-1	
754172246	SMP	1	0.00	0.00	0.00	0.00	-1	
754222228	SMP	1	0.00	0.00	0.00	0.00	-1	
754272177	SMP	1	0.00	0.00	0.00	0.00	-1	
754322348	SMP	1	0.00	0.00	0.00	0.00	-1	
754372346	SMP	1	0.00	0.00	0.00	0.00	-1	
754422380	SMP	1	0.00	0.00	0.00	0.00	-1	
754472364	SMP	1	0.00	0.00	0.00	0.00	-1	
754522453	SMP	1	0.00	0.00	0.00	0.00	-1	
754572460	SMP	1	0.00	0.00	0.00	0.00	-1	
754622493	SMP	1	0.00	0.00	0.00	0.00	-1	
754672461	SMP	1	0.00	0.00	0.00	0.00	-1	
754722796	SMP	1	0.00	0.00	0.00	0.00	-1	
754772485	SMP	1	0.00	0.00	0.00	0.00	-1	
754823033	SMP	1	0.00	0.00	0.00	0.00	-1	
754872577	SMP	1	0.00	0.00	0.00	0.00	-1	
754922567	SMP	1	0.00	0.00	0.00	0.00	-1	
754972631	SMP	1	0.00	0.00	0.00	0.00	-1	
755022804	SMP	1	0.00	0.00	0.00	0.00	-1	
755072693	SMP	1	0.00	0.00	0.00	0.00	-1	
755123307	SMP	1	0.00	0.00	0.00	0.00	-1	
755172698	SMP	1	0.00	0.00	0.00	0.00	-1	
755222696	SMP	1	0.00	0.00	0.00	0.00	-1	
755272699	SMP	1	0.00	0.00	0.00	0.00	-1	
755323009	SMP	1	0.00	0.00	0.00	0.00	-1	
755372973	SMP	1	0.00	0.00	0.00	0.00	-1	
755423314	SMP	1	0.00	0.00	0.00	0.00	-1	
755472812	SMP	1	0.00	0.00	0.00	0.00	-1	
755523269	SMP	1	0.00	0.00	0.00	0.00	-1	
755572950	SMP	1	0.00	0.00	0.00	0.00	-1	
755623548	SMP	1	0.00	0.00	0.00	0.00	-1	
755672977	SMP	1	0.00	0.00	0.00	0.00	-1	
755722906	SMP	1	0.00	0.00	0.00	0.00	-1	
755773015	SMP	1	0.00	0.00	0.00	0.00	-1	
755823623	SMP	1	0.00	0.00	0.00	0.00	-1	
755873086	SMP	1	0.00	0.00	0.00	0.00	-1	
755923037	SMP	1	0.00	0.00	0.00	0.00	-1	
755973086	SMP	1	0.00	0.00	0.00	0.00	-1	
756023216	SMP	1	0.00	0.00	0.00	0.00	-1	
756073191	SMP	1	0.00	0.00	0.00	0.00	-1	
756123395	SMP	1	0.00	0.00	0.00	0.00	-1	
756173182	SMP	1	0.00	0.00	0.00	0.00	-1	
756223307	SMP	1	0.00	0.00	0.00	0.00	-1	
756273197	SMP	1	0.00	0.00	0.00	0.00	-1	
756323295	SMP	1	0.00	0.00	0.00	0.00	-1	
756373325	SMP	1	0.00	0.00	0.00	0.00	-1	
756423336	SMP	1	0.00	0.00	0.00	0.00	-1	
756473353	SMP	1	0.00	0.00	0.00	0.00	-1	
756523409	SMP	1	0.00	0.00	0.00	0.00	-1	
756573430	SMP	1	0.00	0.00	0.00	0.00	-1	
756623480	SMP	1	0.00	0.00	0.00	0.00	-1	
756673416	SMP	1	0.00	0.00	0.00	0.00	-1	
756723531	SMP	1	0.00	0.00	0.00	0.00	-1	
756773864	SMP	1	0.00	0.00	0.00	0.00	-1	
756823531	SMP	1	0.00	0.00	0.00	0.00	-1	
756873562	SMP	1	0.00	0.00	0.00	0.00	-1	
756923544	SMP	1	0.00	0.00	0.00	0.00	-1	
756973577	SMP	1	0.00	0.00	0.00	0.00	-1	
757023715	SMP	1	0.00	0.00	0.00	0.00	-1	
757073686	SMP	1	0.00	0.00	0.00	0.00	-1	
757123641	SMP	1	0.00	0.00	0.00	0.00	-1	
757173712	SMP	1	0.00	0.00	0.00	0.00	-1	
757224262	SMP	1	0.00	0.00	0.00	0.00	-1	
757273698	SMP	1	0.00	0.00	0.00	0.00	-1	
757323765	SMP	1	0.00	0.00	0.00	0.00	-1	
757373888	SMP	1	0.00	0.00	0.00	0.00	-1	
757423848	SMP	1	0.00	0.00	0.00	0.00	-1	
757473863	SMP	1	0.00	0.00	0.00	0.00	-1	
757524461	SMP	1	0.00	0.00	0.00	0.00	-1	
757573957	SMP	1	0.00	0.00	0.00	0.00	-1	
757624189	SMP	1	0.00	0.00	0.00	0.00	-1	
757673898	SMP	1	0.00	0.00	0.00	0.00	-1	
757723913	SMP	1	0.00	0.00	0.00	0.00	-1	
757773972	SMP	1	0.00	0.00	0.00	0.00	-1	
757824342	SMP	1	0.00	0.00	0.00	0.00	-1	
757874064	SMP	1	0.00	0.00	0.00	0.00	-1	
757924063	SMP	1	0.00	0.00	0.00	0.00	-1	
757974177	SMP	1	0.00	0.00	0.00	0.00	-1	
758024651	SMP	1	0.00	0.00	0.00	0.00	-1	
758074173	SMP	1	0.00	0.00	0.00	0.00	-1	
758124688	SMP	1	0.00	0.00	0.00	0.00	-1	
758174223	SMP	1	0.00	0.00	0.00	0.00	-1	
758224827	SMP	1	0.00	0.00	0.00	0.00	-1	
758274181	SMP	1	0.00	0.00	0.00	0.00	-1	
758324341	SMP	1	0.00	0.00	0.00	0.00	-1	
758374318	SMP	1	0.00	0.00	0.00	0.00	-1	
758424267	SMP	1	0.00	0.00	0.00	0.00	-1	
758474329	SMP	1	0.00	0.00	0.00	0.00	-1	
758524383	SMP	1	0.00	0.00	0.00	0.00	-1	
758574425	SMP	1	0.00	0.00	0.00	0.00	-1	
758624908	SMP	1	0.00	0.00	0.00	0.00	-1	
758674451	SMP	1	0.00	0.00	0.00	0.00	-1	
758724879	SMP	1	0.00	0.00	0.00	0.00	-1	
758774443	SMP	1	0.00	0.00	0.00	0.00	-1	
758824485	SMP	1	0.00	0.00	0.00	0.00	-1	
758874554	SMP	1	0.00	0.00	0.00	0.00	-1	
758924550	SMP	1	0.00	0.00	0.00	0.00	-1	
758974534	SMP	1	0.00	0.00	0.00	0.00	-1	
759025183	SMP	1	0.00	0.00	0.00	0.00	-1	
759074661	SMP	1	0.00	0.00	0.00	0.00	-1	
759125080	SMP	1	0.00	0.00	0.00	0.00	-1	
759174987	SMP	1	0.00	0.00	0.00	0.00	-1	
759224841	SMP	1	0.00	0.00	0.00	0.00	-1	
759274768	SMP	1	0.00	0.00	0.00	0.00	-1	
759325587	SMP	1	0.00	0.00	0.00	0.00	-1	
759374831	SMP	1	0.00	0.00	0.00	0.00	-1	
759424924	SMP	1	0.00	0.00	0.00	0.00	-1	
759474830	SMP	1	0.00	0.00	0.00	0.00	-1	
759525386	SMP	1	0.00	0.00	0.00	0.00	-1	
759574937	SMP	1	0.00	0.00	0.00	0.00	-1	
759625125	SMP	1	0.00	0.00	0.00	0.00	-1	
759675137	SMP	1	0.00	0.00	0.00	0.00	-1	
759724907	SMP	1	0.00	0.00	0.00	0.00	-1	
759775046	SMP	1	0.00	0.00	0.00	0.00	-1	
759825301	SMP	1	0.00	0.00	0.00	0.00	-1	
759875006	SMP	1	0.00	0.00	0.00	0.00	-1	
759925277	SMP	1	0.00	0.00	0.00	0.00	-1	
759975070	SMP	1	0.00	0.00	0.00	0.00	-1	
760025617	SMP	1	0.00	0.00	0.00	0.00	-1	
760075169	SMP	1	0.00	0.00	0.00	0.00	-1	
760125869	SMP	1	0.00	0.00	0.00	0.00	-1	
760175316	SMP	1	0.00	0.00	0.00	0.00	-1	
760225764	SMP	1	0.00	0.00	0.00	0.00	-1	
760275258	SMP	1	0.00	0.00	0.00	0.00	-1	
760325257	SMP	1	0.00	0.00	0.00	0.00	-1	
760375313	SMP	1	0.00	0.00	0.00	0.00	-1	
760425457	SMP	1	0.00	0.00	0.00	0.00	-1	
760475305	SMP	1	0.00	0.00	0.00	0.00	-1	
760525737	SMP	1	0.00	0.00	0.00	0.00	-1	
760575413	SMP	1	0.00	0.00	0.00	0.00	-1	
760625352	SMP	1	0.00	0.00	0.00	0.00	-1	
760675936	SMP	1	0.00	0.00	0.00	0.00	-1	
760725764	SMP	1	0.00	0.00	0.00	0.00	-1	
760775570	SMP	1	0.00	0.00	0.00	0.00	-1	
760826028	SMP	1	0.00	0.00	0.00	0.00	-1	
760875547	SMP	1	0.00	0.00	0.00	0.00	-1	
760926468	SMP	1	0.00	0.00	0.00	0.00	-1	
760975599	SMP	1	0.00	0.00	0.00	0.00	-1	
761026157	SMP	1	0.00	0.00	0.00	0.00	-1	
761075659	SMP	1	0.00	0.00	0.00	0.00	-1	
761126149	SMP	1	0.00	0.00	0.00	0.00	-1	
761175803	SMP	1	0.00	0.00	0.00	0.00	-1	
761225880	SMP	1	0.00	0.00	0.00	0.00	-1	
761275758	SMP	1	0.00	0.00	0.00	0.00	-1	
761326614	SMP	1	0.00	0.00	0.00	0.00	-1	
761375814	SMP	1	0.00	0.00	0.00	0.00	-1	
761425820	SMP	1	0.00	0.00	0.00	0.00	-1	
761475815	SMP	1	0.00	0.00	0.00	0.00	-1	
761525986	SMP	1	0.00	0.00	0.00	0.00	-1	
761575966	SMP	1	0.00	0.00	0.00	0.00	-1	
761626414	SMP	1	0.00	0.00	0.00	0.00	-1	
761676360	SMP	1	0.00	0.00	0.00	0.00	-1	
761726279	SMP	1	0.00	0.00	0.00	0.00	-1	
761776036	SMP	1	0.00	0.00	0.00	0.00	-1	
761826122	SMP	1	0.00	0.00	0.00	0.00	-1	
761876023	SMP	1	0.00	0.00	0.00	0.00	-1	
761926453	SMP	1	0.00	0.00	0.00	0.00	-1	
761976056	SMP	1	0.00	0.00	0.00	0.00	-1	
762026215	SMP	1	0.00	0.00	0.00	0.00	-1	
762076120	SMP	1	0.00	0.00	0.00	0.00	-1	
762126708	SMP	1	0.00	0.00	0.00	0.00	-1	
762176142	SMP	1	0.00	0.00	0.00	0.00	-1	
762226288	SMP	1	0.00	0.00	0.00	0.00	-1	
762276271	SMP	1	0.00	0.00	0.00	0.00	-1	
762326387	SMP	1	0.00	0.00	0.00	0.00	-1	
762376223	SMP	1	0.00	0.00	0.00	0.00	-1	
762426660	SMP	1	0.00	0.00	0.00	0.00	-1	
762476264	SMP	1	0.00	0.00	0.00	0.00	-1	
762526523	SMP	1	0.00	0.00	0.00	0.00	-1	
762576394	SMP	1	0.00	0.00	0.00	0.00	-1	
762626440	SMP	1	0.00	0.00	0.00	0.00	-1	
762676592	SMP	1	0.00	0.00	0.00	0.00	-1	
762726436	SMP	1	0.00	0.00	0.00	0.00	-1	
762776512	SMP	1	0.00	0.00	0.00	0.00	-1	
762826579	SMP	1	0.00	0.00	0.00	0.00	-1	
762876546	SMP	1	0.00	0.00	0.00	0.00	-1	
762927036	SMP	1	0.00	0.00	0.00	0.00	-1	
762976489	SMP	1	0.00	0.00	0.00	0.00	-1	
763026686	SMP	1	0.00	0.00	0.00	0.00	-1	
763076658	SMP	1	0.00	0.00	0.00	0.00	-1	
763126664	SMP	1	0.00	0.00	0.00	0.00	-1	
763176653	SMP	1	0.00	0.00	0.00	0.00	-1	
763226762	SMP	1	0.00	0.00	0.00	0.00	-1	
763276768	SMP	1	0.00	0.00	0.00	0.00	-1	
763327261	SMP	1	0.00	0.00	0.00	0.00	-1	
763376730	SMP	1	0.00	0.00	0.00	0.00	-1	
763426835	SMP	1	0.00	0.00	0.00	0.00	-1	
763476796	SMP	1	0.00	0.00	0.00	0.00	-1	
763527030	SMP	1	0.00	0.00	0.00	0.00	-1	
763576915	SMP	1	0.00	0.00	0.00	0.00	-1	
763627005	SMP	1	0.00	0.00	0.00	0.00	-1	
763677177	SMP	1	0.00	0.00	0.00	0.00	-1	
763727119	SMP	1	0.00	0.00	0.00	0.00	-1	
763776998	SMP	1	0.00	0.00	0.00	0.00	-1	
763827200	SMP	1	0.00	0.00	0.00	0.00	-1	
763877035	SMP	1	0.00	0.00	0.00	0.00	-1	
763927107	SMP	1	0.00	0.00	0.00	0.00	-1	
763977012	SMP	1	0.00	0.00	0.00	0.00	-1	
764027254	SMP	1	0.00	0.00	0.00	0.00	-1	
764077293	SMP	1	0.00	0.00	0.00	0.00	-1	
764127828	SMP	1	0.00	0.00	0.00	0.00	-1	
764177144	SMP	1	0.00	0.00	0.00	0.00	-1	
764227275	SMP	1	0.00	0.00	0.00	0.00	-1	
764277259	SMP	1	0.00	0.00	0.00	0.00	-1	
764327306	SMP	1	0.00	0.00	0.00	0.00	-1	
764377262	SMP	1	0.00	0.00	0.00	0.00	-1	
764427396	SMP	1	0.00	0.00	0.00	0.00	-1	
764477442	SMP	1	0.00	0.00	0.00	0.00	-1	
764527398	SMP	1	0.00	0.00	0.00	0.00	-1	
764577400	SMP	1	0.00	0.00	0.00	0.00	-1	
764627368	SMP	1	0.00	0.00	0.00	0.00	-1	
764677406	SMP	1	0.00	0.00	0.00	0.00	-1	
764727516	SMP	1	0.00	0.00	0.00	0.00	-1	
764777494	SMP	1	0.00	0.00	0.00	0.00	-1	
764827640	SMP	1	0.00	0.00	0.00	0.00	-1	
764877583	SMP	1	0.00	0.00	0.00	0.00	-1	
764927600	SMP	1	0.00	0.00	0.00	0.00	-1	
764977487	SMP	1	0.00	0.00	0.00	0.00	-1	
765027742	SMP	1	0.00	0.00	0.00	0.00	-1	
765077635	SMP	1	0.00	0.00	0.00	0.00	-1	
765127755	SMP	1	0.00	0.00	0.00	0.00	-1	
765177605	SMP	1	0.00	0.00	0.00	0.00	-1	
765227742	SMP	1	0.00	0.00	0.00	0.00	-1	
765277967	SMP	1	0.00	0.00	0.00	0.00	-1	
765327820	SMP	1	0.00	0.00	0.00	0.00	-1	
765378063	SMP	1	0.00	0.00	0.00	0.00	-1	
765427811	SMP	1	0.00	0.00	0.00	0.00	-1	
765477975	SMP	1	0.00	0.00	0.00	0.00	-1	
765527982	SMP	1	0.00	0.00	0.00	0.00	-1	
765578045	SMP	1	0.00	0.00	0.00	0.00	-1	
765628119	SMP	1	0.00	0.00	0.00	0.00	-1	
765678172	SMP	1	0.00	0.00	0.00	0.00	-1	
765728021	SMP	1	0.00	0.00	0.00	0.00	-1	
765778002	SMP	1	0.00	0.00	0.00	0.00	-1	
765828015	SMP	1	0.00	0.00	0.00	0.00	-1	
765878053	SMP	1	0.00	0.00	0.00	0.00	-1	
765928074	SMP	1	0.00	0.00	0.00	0.00	-1	
765978108	SMP	1	0.00	0.00	0.00	0.00	-1	
766028236	SMP	1	0.00	0.00	0.00	0.00	-1	
766078334	SMP	1	0.00	0.00	0.00	0.00	-1	
766128343	SMP	1	0.00	0.00	0.00	0.00	-1	
766178126	SMP	1	0.00	0.00	0.00	0.00	-1	
766228255	SMP	1	0.00	0.00	0.00	0.00	-1	
766278288	SMP	1	0.00	0.00	0.00	0.00	-1	
766328261	SMP	1	0.00	0.00	0.00	0.00	-1	
766378442	SMP	1	0.00	0.00	0.00	0.00	-1	
766428271	SMP	1	0.00	0.00	0.00	0.00	-1	
766478581	SMP	1	0.00	0.00	0.00	0.00	-1	
766528476	SMP	1	0.00	0.00	0.00	0.00	-1	
766578391	SMP	1	0.00	0.00	0.00	0.00	-1	
766628437	SMP	1	0.00	0.00	0.00	0.00	-1	
766678413	SMP	1	0.00	0.00	0.00	0.00	-1	
766728534	SMP	1	0.00	0.00	0.00	0.00	-1	
766778485	SMP	1	0.00	0.00	0.00	0.00	-1	
766828520	SMP	1	0.00	0.00	0.00	0.00	-1	
766878630	SMP	1	0.00	0.00	0.00	0.00	-1	
766928524	SMP	1	0.00	0.00	0.00	0.00	-1	
766978560	SMP	1	0.00	0.00	0.00	0.00	-1	
767028581	SMP	1	0.00	0.00	0.00	0.00	-1	
767078579	SMP	1	0.00	0.00	0.00	0.00	-1	
767129153	SMP	1	0.00	0.00	0.00	0.00	-1	
767178587	SMP	1	0.00	0.00	0.00	0.00	-1	
767228948	SMP	1	0.00	0.00	0.00	0.00	-1	
767278984	SMP	1	0.00	0.00	0.00	0.00	-1	
767329331	SMP	1	0.00	0.00	0.00	0.00	-1	
767378737	SMP	1	0.00	0.00	0.00	0.00	-1	
767428741	SMP	1	0.00	0.00	0.00	0.00	-1	
767478958	SMP	1	0.00	0.00	0.00	0.00	-1	
767528899	SMP	1	0.00	0.00	0.00	0.00	-1	
767578884	SMP	1	0.00	0.00	0.00	0.00	-1	
767628883	SMP	1	0.00	0.00	0.00	0.00	-1	
767679083	SMP	1	0.00	0.00	0.00	0.00	-1	
767728987	SMP	1	0.00	0.00	0.00	0.00	-1	
767779113	SMP	1	0.00	0.00	0.00	0.00	-1	
767828990	SMP	1	0.00	0.00	0.00	0.00	-1	
767879025	SMP	1	0.00	0.00	0.00	0.00	-1	
767929009	SMP	1	0.00	0.00	0.00	0.00	-1	
767979150	SMP	1	0.00	0.00	0.00	0.00	-1	
768029334	SMP	1	0.00	0.00	0.00	0.00	-1	
768079411	SMP	1	0.00	0.00	0.00	0.00	-1	
768129118	SMP	1	0.00	0.00	0.00	0.00	-1	
768179159	SMP	1	0.00	0.00	0.00	0.00	-1	
768229269	SMP	1	0.00	0.00	0.00	0.00	-1	
768279268	SMP	1	0.00	0.00	0.00	0.00	-1	
768329266	SMP	1	0.00	0.00	0.00	0.00	-1	
768379285	SMP	1	0.00	0.00	0.00	0.00	-1	
768429462	SMP	1	0.00	0.00	0.00	0.00	-1	
768479504	SMP	1	0.00	0.00	0.00	0.00	-1	
768529397	SMP	1	0.00	0.00	0.00	0.00	-1	
768579381	SMP	1	0.00	0.00	0.00	0.00	-1	
768629394	SMP	1	0.00	0.00	0.00	0.00	-1	
768679440	SMP	1	0.00	0.00	0.00	0.00	-1	
768729517	SMP	1	0.00	0.00	0.00	0.00	-1	
768779568	SMP	1	0.00	0.00	0.00	0.00	-1	
768829628	SMP	1	0.00	0.00	0.00	0.00	-1	
768879641	SMP	1	0.00	0.00	0.00	0.00	-1	
768929538	SMP	1	0.00	0.00	0.00	0.00	-1	
768979553	SMP	1	0.00	0.00	0.00	0.00	-1	
769029567	SMP	1	0.00	0.00	0.00	0.00	-1	
769079587	SMP	1	0.00	0.00	0.00	0.00	-1	
769129782	SMP	1	0.00	0.00	0.00	0.00	-1	
769179671	SMP	1	0.00	0.00	0.00	0.00	-1	
769229845	SMP	1	0.00	0.00	0.00	0.00	-1	
769279866	SMP	1	0.00	0.00	0.00	0.00	-1	
769329712	SMP	1	0.00	0.00	0.00	0.00	-1	
769379701	SMP	1	0.00	0.00	0.00	0.00	-1	
769429704	SMP	1	0.00	0.00	0.00	0.00	-1	
769479912	SMP	1	0.00	0.00	0.00	0.00	-1	
769529860	SMP	1	0.00	0.00	0.00	0.00	-1	
769579830	SMP	1	0.00	0.00	0.00	0.00	-1	
769630037	SMP	1	0.00	0.00	0.00	0.00	-1	
769680217	SMP	1	0.00	0.00	0.00	0.00	-1	
769729989	SMP	1	0.00	0.00	0.00	0.00	-1	
769779945	SMP	1	0.00	0.00	0.00	0.00	-1	
769830186	SMP	1	0.00	0.00	0.00	0.00	-1	
769880013	SMP	1	0.00	0.00	0.00	0.00	-1	
769929985	SMP	1	0.00	0.00	0.00	0.00	-1	
769980045	SMP	1	0.00	0.00	0.00	0.00	-1	
770030257	SMP	1	0.00	0.00	0.00	0.00	-1	
770080519	SMP	1	0.00	0.00	0.00	0.00	-1	
770130104	SMP	1	0.00	0.00	0.00	0.00	-1	
770180068	SMP	1	0.00	0.00	0.00	0.00	-1	
770230218	SMP	1	0.00	0.00	0.00	0.00	-1	
770280262	SMP	1	0.00	0.00	0.00	0.00	-1	
770330658	SMP	1	0.00	0.00	0.00	0.00	-1	
770380211	SMP	1	0.00	0.00	0.00	0.00	-1	
770430467	SMP	1	0.00	0.00	0.00	0.00	-1	
770480437	SMP	1	0.00	0.00	0.00	0.00	-1	
770530365	SMP	1	0.00	0.00	0.00	0.00	-1	
770580332	SMP	1	0.00	0.00	0.00	0.00	-1	
770630351	SMP	1	0.00	0.00	0.00	0.00	-1	
770680350	SMP	1	0.00	0.00	0.00	0.00	-1	
770730481	SMP	1	0.00	0.00	0.00	0.00	-1	
770780481	SMP	1	0.00	0.00	0.00	0.00	-1	
770830604	SMP	1	0.00	0.00	0.00	0.00	-1	
770880543	SMP	1	0.00	0.00	0.00	0.00	-1	
770930458	SMP	1	0.00	0.00	0.00	0.00	-1	
770980548	SMP	1	0.00	0.00	0.00	0.00	-1	
771030578	SMP	1	0.00	0.00	0.00	0.00	-1	
771080662	SMP	1	0.00	0.00	0.00	0.00	-1	
771130579	SMP	1	0.00	0.00	0.00	0.00	-1	
771180590	SMP	1	0.00	0.00	0.00	0.00	-1	
771230867	SMP	1	0.00	0.00	0.00	0.00	-1	
771280801	SMP	1	0.00	0.00	0.00	0.00	-1	
771330742	SMP	1	0.00	0.00	0.00	0.00	-1	
771380712	SMP	1	0.00	0.00	0.00	0.00	-1	
771430736	SMP	1	0.00	0.00	0.00	0.00	-1	
771480874	SMP	1	0.00	0.00	0.00	0.00	-1	
771530861	SMP	1	0.00	0.00	0.00	0.00	-1	
771580819	SMP	1	0.00	0.00	0.00	0.00	-1	
771630978	SMP	1	0.00	0.00	0.00	0.00	-1	
771681012	SMP	1	0.00	0.00	0.00	0.00	-1	
771730967	SMP	1	0.00	0.00	0.00	0.00	-1	
771780950	SMP	1	0.00	0.00	0.00	0.00	-1	
771830971	SMP	1	0.00	0.00	0.00	0.00	-1	
771880909	SMP	1	0.00	0.00	0.00	0.00	-1	
771931069	SMP	1	0.00	0.00	0.00	0.00	-1	
771981242	SMP	1	0.00	0.00	0.00	0.00	-1	
772031162	SMP	1	0.00	0.00	0.00	0.00	-1	
772081096	SMP	1	0.00	0.00	0.00	0.00	-1	
772131133	SMP	1	0.00	0.00	0.00	0.00	-1	
772181241	SMP	1	0.00	0.00	0.00	0.00	-1	
772231198	SMP	1	0.00	0.00	0.00	0.00	-1	
772281209	SMP	1	0.00	0.00	0.00	0.00	-1	
772331213	SMP	1	0.00	0.00	0.00	0.00	-1	
772381234	SMP	1	0.00	0.00	0.00	0.00	-1	
772431455	SMP	1	0.00	0.00	0.00	0.00	-1	
772481350	SMP	1	0.00	0.00	0.00	0.00	-1	
772531324	SMP	1	0.00	0.00	0.00	0.00	-1	
772581320	SMP	1	0.00	0.00	0.00	0.00	-1	
772631418	SMP	1	0.00	0.00	0.00	0.00	-1	
772681432	SMP	1	0.00	0.00	0.00	0.00	-1	
772731515	SMP	1	0.00	0.00	0.00	0.00	-1	
772781494	SMP	1	0.00	0.00	0.00	0.00	-1	
772831616	SMP	1	0.00	0.00	0.00	0.00	-1	
772881585	SMP	1	0.00	0.00	0.00	0.00	-1	
772931566	SMP	1	0.00	0.00	0.00	0.00	-1	
772981732	SMP	1	0.00	0.00	0.00	0.00	-1	
773031580	SMP	1	0.00	0.00	0.00	0.00	-1	
773081583	SMP	1	0.00	0.00	0.00	0.00	-1	
773131600	SMP	1	0.00	0.00	0.00	0.00	-1	
773181713	SMP	1	0.00	0.00	0.00	0.00	-1	
773231963	SMP	1	0.00	0.00	0.00	0.00	-1	
773281730	SMP	1	0.00	0.00	0.00	0.00	-1	
773331678	SMP	1	0.00	0.00	0.00	0.00	-1	
773381695	SMP	1	0.00	0.00	0.00	0.00	-1	
773431808	SMP	1	0.00	0.00	0.00	0.00	-1	
773481865	SMP	1	0.00	0.00	0.00	0.00	-1	
773531871	SMP	1	0.00	0.00	0.00	0.00	-1	
773581893	SMP	1	0.00	0.00	0.00	0.00	-1	
773631995	SMP	1	0.00	0.00	0.00	0.00	-1	
773682023	SMP	1	0.00	0.00	0.00	0.00	-1	
773732102	SMP	1	0.00	0.00	0.00	0.00	-1	
773781948	SMP	1	0.00	0.00	0.00	0.00	-1	
773831984	SMP	1	0.00	0.00	0.00	0.00	-1	
773881958	SMP	1	0.00	0.00	0.00	0.00	-1	
773932046	SMP	1	0.00	0.00	0.00	0.00	-1	
773982083	SMP	1	0.00	0.00	0.00	0.00	-1	
774032161	SMP	1	0.00	0.00	0.00	0.00	-1	
774082090	SMP	1	0.00	0.00	0.00	0.00	-1	
774132069	SMP	1	0.00	0.00	0.00	0.00	-1	
774182164	SMP	1	0.00	0.00	0.00	0.00	-1	
774232193	SMP	1	0.00	0.00	0.00	0.00	-1	
774282189	SMP	1	0.00	0.00	0.00	0.00	-1	
774332210	SMP	1	0.00	0.00	0.00	0.00	-1	
774382215	SMP	1	0.00	0.00	0.00	0.00	-1	
774432420	SMP	1	0.00	0.00	0.00	0.00	-1	
774482335	SMP	1	0.00	0.00	0.00	0.00	-1	
774532315	SMP	1	0.00	0.00	0.00	0.00	-1	
774582297	SMP	1	0.00	0.00	0.00	0.00	-1	
774632346	SMP	1	0.00	0.00	0.00	0.00	-1	
774682482	SMP	1	0.00	0.00	0.00	0.00	-1	
774732454	SMP	1	0.00	0.00	0.00	0.00	-1	
774782396	SMP	1	0.00	0.00	0.00	0.00	-1	
774832478	SMP	1	0.00	0.00	0.00	0.00	-1	
774882702	SMP	1	0.00	0.00	0.00	0.00	-1	
774932540	SMP	1	0.00	0.00	0.00	0.00	-1	
774982658	SMP	1	0.00	0.00	0.00	0.00	-1	
775032578	SMP	1	0.00	0.00	0.00	0.00	-1	
775082572	SMP	1	0.00	0.00	0.00	0.00	-1	
775132587	SMP	1	0.00	0.00	0.00	0.00	-1	
775182663	SMP	1	0.00	0.00	0.00	0.00	-1	
775232814	SMP	1	0.00	0.00	0.00	0.00	-1	
775282718	SMP	1	0.00	0.00	0.00	0.00	-1	
775332682	SMP	1	0.00	0.00	0.00	0.00	-1	
775382695	SMP	1	0.00	0.00	0.00	0.00	-1	
775432771	SMP	1	0.00	0.00	0.00	0.00	-1	
775482845	SMP	1	0.00	0.00	0.00	0.00	-1	
775532951	SMP	1	0.00	0.00	0.00	0.00	-1	
775582829	SMP	1	0.00	0.00	0.00	0.00	-1	
775632984	SMP	1	0.00	0.00	0.00	0.00	-1	
775682864	SMP	1	0.00	0.00	0.00	0.00	-1	
775732943	SMP	1	0.00	0.00	0.00	0.00	-1	
775782915	SMP	1	0.00	0.00	0.00	0.00	-1	
775832941	SMP	1	0.00	0.00	0.00	0.00	-1	
775882943	SMP	1	0.00	0.00	0.00	0.00	-1	
775933035	SMP	1	0.00	0.00	0.00	0.00	-1	
775983072	SMP	1	0.00	0.00	0.00	0.00	-1	
776034554	SMP	1	0.00	0.00	0.00	0.00	-1	
776083079	SMP	1	0.00	0.00	0.00	0.00	-1	
776133094	SMP	1	0.00	0.00	0.00	0.00	-1	
776183133	SMP	1	0.00	0.00	0.00	0.00	-1	
776233178	SMP	1	0.00	0.00	0.00	0.00	-1	
776283174	SMP	1	0.00	0.00	0.00	0.00	-1	
776333275	SMP	1	0.00	0.00	0.00	0.00	-1	
776383438	SMP	1	0.00	0.00	0.00	0.00	-1	
776433329	SMP	1	0.00	0.00	0.00	0.00	-1	
776483322	SMP	1	0.00	0.00	0.00	0.00	-1	
776533342	SMP	1	0.00	0.00	0.00	0.00	-1	
776583366	SMP	1	0.00	0.00	0.00	0.00	-1	
776633328	SMP	1	0.00	0.00	0.00	0.00	-1	
776683414	SMP	1	0.00	0.00	0.00	0.00	-1	
776733426	SMP	1	0.00	0.00	0.00	0.00	-1	
776783478	SMP	1	0.00	0.00	0.00	0.00	-1	
776833676	SMP	1	0.00	0.00	0.00	0.00	-1	
776883611	SMP	1	0.00	0.00	0.00	0.00	-1	
776933511	SMP	1	0.00	0.00	0.00	0.00	-1	
776983655	SMP	1	0.00	0.00	0.00	0.00	-1	
777033541	SMP	1	0.00	0.00	0.00	0.00	-1	
777083837	SMP	1	0.00	0.00	0.00	0.00	-1	
777133556	SMP	1	0.00	0.00	0.00	0.00	-1	
777183677	SMP	1	0.00	0.00	0.00	0.00	-1	
777233727	SMP	1	0.00	0.00	0.00	0.00	-1	
777283979	SMP	1	0.00	0.00	0.00	0.00	-1	
777333667	SMP	1	0.00	0.00	0.00	0.00	-1	
777383667	SMP	1	0.00	0.00	0.00	0.00	-1	
777433751	SMP	1	0.00	0.00	0.00	0.00	-1	
777483927	SMP	1	0.00	0.00	0.00	0.00	-1	
777533801	SMP	1	0.00	0.00	0.00	0.00	-1	
777583797	SMP	1	0.00	0.00	0.00	0.00	-1	
777633823	SMP	1	0.00	0.00	0.00	0.00	-1	
777683922	SMP	1	0.00	0.00	0.00	0.00	-1	
777733948	SMP	1	0.00	0.00	0.00	0.00	-1	
777783913	SMP	1	0.00	0.00	0.00	0.00	-1	
777833925	SMP	1	0.00	0.00	0.00	0.00	-1	
777883929	SMP	1	0.00	0.00	0.00	0.00	-1	
777934037	SMP	1	0.00	0.00	0.00	0.00	-1	
777984118	SMP	1	0.00	0.00	0.00	0.00	-1	
778034063	SMP	1	0.00	0.00	0.00	0.00	-1	
778084058	SMP	1	0.00	0.00	0.00	0.00	-1	
778134163	SMP	1	0.00	0.00	0.00	0.00	-1	
778184661	SMP	1	0.00	0.00	0.00	0.00	-1	
778234175	SMP	1	0.00	0.00	0.00	0.00	-1	
778284178	SMP	1	0.00	0.00	0.00	0.00	-1	
778334194	SMP	1	0.00	0.00	0.00	0.00	-1	
778384271	SMP	1	0.00	0.00	0.00	0.00	-1	
778434359	SMP	1	0.00	0.00	0.00	0.00	-1	
778484760	SMP	1	0.00	0.00	0.00	0.00	-1	
778534286	SMP	1	0.00	0.00	0.00	0.00	-1	
778584275	SMP	1	0.00	0.00	0.00	0.00	-1	
778634408	SMP	1	0.00	0.00	0.00	0.00	-1	
778684423	SMP	1	0.00	0.00	0.00	0.00	-1	
778734449	SMP	1	0.00	0.00	0.00	0.00	-1	
778784426	SMP	1	0.00	0.00	0.00	0.00	-1	
778834410	SMP	1	0.00	0.00	0.00	0.00	-1	
778884544	SMP	1	0.00	0.00	0.00	0.00	-1	
778934578	SMP	1	0.00	0.00	0.00	0.00	-1	
778984606	SMP	1	0.00	0.00	0.00	0.00	-1	
779034530	SMP	1	0.00	0.00	0.00	0.00	-1	
779084530	SMP	1	0.00	0.00	0.00	0.00	-1	
779134635	SMP	1	0.00	0.00	0.00	0.00	-1	
779184780	SMP	1	0.00	0.00	0.00	0.00	-1	
779234694	SMP	1	0.00	0.00	0.00	0.00	-1	
779284668	SMP	1	0.00	0.00	0.00	0.00	-1	
779334645	SMP	1	0.00	0.00	0.00	0.00	-1	
779384741	SMP	1	0.00	0.00	0.00	0.00	-1	
779434811	SMP	1	0.00	0.00	0.00	0.00	-1	
779484865	SMP	1	0.00	0.00	0.00	0.00	-1	
779534775	SMP	1	0.00	0.00	0.00	0.00	-1	
779584814	SMP	1	0.00	0.00	0.00	0.00	-1	
779634907	SMP	1	0.00	0.00	0.00	0.00	-1	
779684908	SMP	1	0.00	0.00	0.00	0.00	-1	
779734874	SMP	1	0.00	0.00	0.00	0.00	-1	
779784908	SMP	1	0.00	0.00	0.00	0.00	-1	
779834868	SMP	1	0.00	0.00	0.00	0.00	-1	
779885186	SMP	1	0.00	0.00	0.00	0.00	-1	
779935020	SMP	1	0.00	0.00	0.00	0.00	-1	
779985052	SMP	1	0.00	0.00	0.00	0.00	-1	
780035051	SMP	1	0.00	0.00	0.00	0.00	-1	
780085036	SMP	1	0.00	0.00	0.00	0.00	-1	
780135166	SMP	1	0.00	0.00	0.00	0.00	-1	
780185094	SMP	1	0.00	0.00	0.00	0.00	-1	
780235173	SMP	1	0.00	0.00	0.00	0.00	-1	
780285179	SMP	1	0.00	0.00	0.00	0.00	-1	
780335129	SMP	1	0.00	0.00	0.00	0.00	-1	
780385154	SMP	1	0.00	0.00	0.00	0.00	-1	
780435284	SMP	1	0.00	0.00	0.00	0.00	-1	
780485440	SMP	1	0.00	0.00	0.00	0.00	-1	
780535263	SMP	1	0.00	0.00	0.00	0.00	-1	
780585303	SMP	1	0.00	0.00	0.00	0.00	-1	
780635410	SMP	1	0.00	0.00	0.00	0.00	-1	
780685384	SMP	1	0.00	0.00	0.00	0.00	-1	
780735427	SMP	1	0.00	0.00	0.00	0.00	-1	
780785406	SMP	1	0.00	0.00	0.00	0.00	-1	
780835406	SMP	1	0.00	0.00	0.00	0.00	-1	
780885513	SMP	1	0.00	0.00	0.00	0.00	-1	
780935541	SMP	1	0.00	0.00	0.00	0.00	-1	
780985523	SMP	1	0.00	0.00	0.00	0.00	-1	
781035549	SMP	1	0.00	0.00	0.00	0.00	-1	
781085492	SMP	1	0.00	0.00	0.00	0.00	-1	
781135636	SMP	1	0.00	0.00	0.00	0.00	-1	
781185658	SMP	1	0.00	0.00	0.00	0.00	-1	
781235657	SMP	1	0.00	0.00	0.00	0.00	-1	
781285626	SMP	1	0.00	0.00	0.00	0.00	-1	
781335676	SMP	1	0.00	0.00	0.00	0.00	-1	
781385730	SMP	1	0.00	0.00	0.00	0.00	-1	
781435821	SMP	1	0.00	0.00	0.00	0.00	-1	
781485824	SMP	1	0.00	0.00	0.00	0.00	-1	
781535808	SMP	1	0.00	0.00	0.00	0.00	-1	
781585780	SMP	1	0.00	0.00	0.00	0.00	-1	
781635895	SMP	1	0.00	0.00	0.00	0.00	-1	
781686532	SMP	1	0.00	0.00	0.00	0.00	-1	
781735888	SMP	1	0.00	0.00	0.00	0.00	-1	
781785898	SMP	1	0.00	0.00	0.00	0.00	-1	
781835916	SMP	1	0.00	0.00	0.00	0.00	-1	
781886076	SMP	1	0.00	0.00	0.00	0.00	-1	
781935993	SMP	1	0.00	0.00	0.00	0.00	-1	
781986017	SMP	1	0.00	0.00	0.00	0.00	-1	
782036043	SMP	1	0.00	0.00	0.00	0.00	-1	
782086025	SMP	1	0.00	0.00	0.00	0.00	-1	
782136170	SMP	1	0.00	0.00	0.00	0.00	-1	
782186105	SMP	1	0.00	0.00	0.00	0.00	-1	
782236211	SMP	1	0.00	0.00	0.00	0.00	-1	
782286171	SMP	1	0.00	0.00	0.00	0.00	-1	
782336234	SMP	1	0.00	0.00	0.00	0.00	-1	
782386230	SMP	1	0.00	0.00	0.00	0.00	-1	
782436332	SMP	1	0.00	0.00	0.00	0.00	-1	
782486728	SMP	1	0.00	0.00	0.00	0.00	-1	
782536276	SMP	1	0.00	0.00	0.00	0.00	-1	
782586366	SMP	1	0.00	0.00	0.00	0.00	-1	
782636360	SMP	1	0.00	0.00	0.00	0.00	-1	
782686392	SMP	1	0.00	0.00	0.00	0.00	-1	
782736388	SMP	1	0.00	0.00	0.00	0.00	-1	
782786449	SMP	1	0.00	0.00	0.00	0.00	-1	
782836394	SMP	1	0.00	0.00	0.00	0.00	-1	
782886511	SMP	1	0.00	0.00	0.00	0.00	-1	
782936524	SMP	1	0.00	0.00	0.00	0.00	-1	
782987006	SMP	1	0.00	0.00	0.00	0.00	-1	
783036485	SMP	1	0.00	0.00	0.00	0.00	-1	
783086653	SMP	1	0.00	0.00	0.00	0.00	-1	
783136632	SMP	1	0.00	0.00	0.00	0.00	-1	
783186642	SMP	1	0.00	0.00	0.00	0.00	-1	
783236667	SMP	1	0.00	0.00	0.00	0.00	-1	
783286626	SMP	1	0.00	0.00	0.00	0.00	-1	
783336623	SMP	1	0.00	0.00	0.00	0.00	-1	
783386759	SMP	1	0.00	0.00	0.00	0.00	-1	
783436852	SMP	1	0.00	0.00	0.00	0.00	-1	
783486798	SMP	1	0.00	0.00	0.00	0.00	-1	
783536801	SMP	1	0.00	0.00	0.00	0.00	-1	
783586778	SMP	1	0.00	0.00	0.00	0.00	-1	
783636900	SMP	1	0.00	0.00	0.00	0.00	-1	
783686810	SMP	1	0.00	0.00	0.00	0.00	-1	
783736877	SMP	1	0.00	0.00	0.00	0.00	-1	
783786881	SMP	1	0.00	0.00	0.00	0.00	-1	
783837138	SMP	1	0.00	0.00	0.00	0.00	-1	
783886977	SMP	1	0.00	0.00	0.00	0.00	-1	
783937031	SMP	1	0.00	0.00	0.00	0.00	-1	
783987206	SMP	1	0.00	0.00	0.00	0.00	-1	
784037050	SMP	1	0.00	0.00	0.00	0.00	-1	
784086967	SMP	1	0.00	0.00	0.00	0.00	-1	
784137067	SMP	1	0.00	0.00	0.00	0.00	-1	
784187107	SMP	1	0.00	0.00	0.00	0.00	-1	
784237241	SMP	1	0.00	0.00	0.00	0.00	-1	
784287138	SMP	1	0.00	0.00	0.00	0.00	-1	
784337137	SMP	1	0.00	0.00	0.00	0.00	-1	
784387219	SMP	1	0.00	0.00	0.00	0.00	-1	
784437273	SMP	1	0.00	0.00	0.00	0.00	-1	
784487355	SMP	1	0.00	0.00	0.00	0.00	-1	
784537276	SMP	1	0.00	0.00	0.00	0.00	-1	
784587336	SMP	1	0.00	0.00	0.00	0.00	-1	
784637457	SMP	1	0.00	0.00	0.00	0.00	-1	
784688039	SMP	1	0.00	0.00	0.00	0.00	-1	
784737331	SMP	1	0.00	0.00	0.00	0.00	-1	
784787508	SMP	1	0.00	0.00	0.00	0.00	-1	
784837400	SMP	1	0.00	0.00	0.00	0.00	-1	
784887736	SMP	1	0.00	0.00	0.00	0.00	-1	
784937523	SMP	1	0.00	0.00	0.00	0.00	-1	
784987519	SMP	1	0.00	0.00	0.00	0.00	-1	
785037787	SMP	1	0.00	0.00	0.00	0.00	-1	
785087706	SMP	1	0.00	0.00	0.00	0.00	-1	
785137648	SMP	1	0.00	0.00	0.00	0.00	-1	
785188295	SMP	1	0.00	0.00	0.00	0.00	-1	
785237610	SMP	1	0.00	0.00	0.00	0.00	-1	
785287728	SMP	1	0.00	0.00	0.00	0.00	-1	
785337715	SMP	1	0.00	0.00	0.00	0.00	-1	
785388338	SMP	1	0.00	0.00	0.00	0.00	-1	
785437987	SMP	1	0.00	0.00	0.00	0.00	-1	
785487829	SMP	1	0.00	0.00	0.00	0.00	-1	
785537825	SMP	1	0.00	0.00	0.00	0.00	-1	
785588105	SMP	1	0.00	0.00	0.00	0.00	-1	
785638009	SMP	1	0.00	0.00	0.00	0.00	-1	
785688085	SMP	1	0.00	0.00	0.00	0.00	-1	
785737903	SMP	1	0.00	0.00	0.00	0.00	-1	
785787908	SMP	1	0.00	0.00	0.00	0.00	-1	
785838281	SMP	1	0.00	0.00	0.00	0.00	-1	
785888657	SMP	1	0.00	0.00	0.00	0.00	-1	
785938123	SMP	1	0.00	0.00	0.00	0.00	-1	
785989099	SMP	1	0.00	0.00	0.00	0.00	-1	
786038037	SMP	1	0.00	0.00	0.00	0.00	-1	
786088139	SMP	1	0.00	0.00	0.00	0.00	-1	
786138208	SMP	1	0.00	0.00	0.00	0.00	-1	
786188428	SMP	1	0.00	0.00	0.00	0.00	-1	
786238216	SMP	1	0.00	0.00	0.00	0.00	-1	
786288182	SMP	1	0.00	0.00	0.00	0.00	-1	
786338284	SMP	1	0.00	0.00	0.00	0.00	-1	
786388691	SMP	1	0.00	0.00	0.00	0.00	-1	
786438296	SMP	1	0.00	0.00	0.00	0.00	-1	
786488451	SMP	1	0.00	0.00	0.00	0.00	-1	
786538322	SMP	1	0.00	0.00	0.00	0.00	-1	
786588478	SMP	1	0.00	0.00	0.00	0.00	-1	
786638516	SMP	1	0.00	0.00	0.00	0.00	-1	
786688536	SMP	1	0.00	0.00	0.00	0.00	-1	
786738711	SMP	1	0.00	0.00	0.00	0.00	-1	
786788366	SMP	1	0.00	0.00	0.00	0.00	-1	
786838464	SMP	1	0.00	0.00	0.00	0.00	-1	
786888627	SMP	1	0.00	0.00	0.00	0.00	-1	
786938477	SMP	1	0.00	0.00	0.00	0.00	-1	
786989458	SMP	1	0.00	0.00	0.00	0.00	-1	
787038456	SMP	1	0.00	0.00	0.00	0.00	-1	
787088682	SMP	1	0.00	0.00	0.00	0.00	-1	
787138635	SMP	1	0.00	0.00	0.00	0.00	-1	
787188716	SMP	1	0.00	0.00	0.00	0.00	-1	
787238580	SMP	1	0.00	0.00	0.00	0.00	-1	
787288843	SMP	1	0.00	0.00	0.00	0.00	-1	
787361674	SMP	1	0.00	0.00	0.00	0.00	-1	
787369785	SMP	1	0.00	0.00	0.00	0.00	-1	
787377946	SMP	1	0.00	0.00	0.00	0.00	-1	
787386616	SMP	1	0.00	0.00	0.00	0.00	-1	
787394792	SMP	1	0.00	0.00	0.00	0.00	-1	
787403133	SMP	1	0.00	0.00	0.00	0.00	-1	
787411396	SMP	1	0.00	0.00	0.00	0.00	-1	
787420304	SMP	1	0.00	0.00	0.00	0.00	-1	
787428137	SMP	1	0.00	0.00	0.00	0.00	-1	
787436460	SMP	1	0.00	0.00	0.00	0.00	-1	
787444785	SMP	1	0.00	0.00	0.00	0.00	-1	
787453600	SMP	1	0.00	0.00	0.00	0.00	-1	
787461531	SMP	1	0.00	0.00	0.00	0.00	-1	
787469765	SMP	1	0.00	0.00	0.00	0.00	-1	
787478161	SMP	1	0.00	0.00	0.00	0.00	-1	
787486537	SMP	1	0.00	0.00	0.00	0.00	-1	
787494899	SMP	1	0.00	0.00	0.00	0.00	-1	
787503119	SMP	1	0.00	0.00	0.00	0.00	-1	
787511441	SMP	1	0.00	0.00	0.00	0.00	-1	
787520107	SMP	1	0.00	0.00	0.00	0.00	-1	
787528276	SMP	1	0.00	0.00	0.00	0.00	-1	
787536461	SMP	1	0.00	0.00	0.00	0.00	-1	
787544833	SMP	1	0.00	0.00	0.00	0.00	-1	
787553273	SMP	1	0.00	0.00	0.00	0.00	-1	
787561626	SMP	1	0.00	0.00	0.00	0.00	-1	
787569866	SMP	1	0.00	0.00	0.00	0.00	-1	
787578232	SMP	1	0.00	0.00	0.00	0.00	-1	
787587202	SMP	1	0.00	0.00	0.00	0.00	-1	
787594909	SMP	1	0.00	0.00	0.00	0.00	-1	
787603325	SMP	1	0.00	0.00	0.00	0.00	-1	
787611696	SMP	1	0.00	0.00	0.00	0.00	-1	
787619994	SMP	1	0.00	0.00	0.00	0.00	-1	
787628284	SMP	1	0.00	0.00	0.00	0.00	-1	
787636636	SMP	1	0.00	0.00	0.00	0.00	-1	
787644952	SMP	1	0.00	0.00	0.00	0.00	-1	
787653704	SMP	1	0.00	0.00	0.00	0.00	-1	
787661664	SMP	1	0.00	0.00	0.00	0.00	-1	
787670006	SMP	1	0.00	0.00	0.00	0.00	-1	
787678405	SMP	1	0.00	0.00	0.00	0.00	-1	
787686769	SMP	1	0.00	0.00	0.00	0.00	-1	
787695034	SMP	1	0.00	0.00	0.00	0.00	-1	
787861506	SMP	1	0.00	0.00	0.00	0.00	-1	
787911218	SMP	1	0.00	0.00	0.00	0.00	-1	
787961188	SMP	1	0.00	0.00	0.00	0.00	-1	
788011242	SMP	1	0.00	0.00	0.00	0.00	-1	
788061309	SMP	1	0.00	0.00	0.00	0.00	-1	
788111519	SMP	1	0.00	0.00	0.00	0.00	-1	
788161332	SMP	1	0.00	0.00	0.00	0.00	-1	
788211415	SMP	1	0.00	0.00	0.00	0.00	-1	
788261335	SMP	1	0.00	0.00	0.00	0.00	-1	
788311356	SMP	1	0.00	0.00	0.00	0.00	-1	
788361478	SMP	1	0.00	0.00	0.00	0.00	-1	
788411517	SMP	1	0.00	0.00	0.00	0.00	-1	
788461480	SMP	1	0.00	0.00	0.00	0.00	-1	
788511619	SMP	1	0.00	0.00	0.00	0.00	-1	
788561673	SMP	1	0.00	0.00	0.00	0.00	-1	
788611607	SMP	1	0.00	0.00	0.00	0.00	-1	
788661577	SMP	1	0.00	0.00	0.00	0.00	-1	
788711601	SMP	1	0.00	0.00	0.00	0.00	-1	
788761572	SMP	1	0.00	0.00	0.00	0.00	-1	
788811639	SMP	1	0.00	0.00	0.00	0.00	-1	
788861831	SMP	1	0.00	0.00	0.00	0.00	-1	
788911897	SMP	1	0.00	0.00	0.00	0.00	-1	
788961750	SMP	1	0.00	0.00	0.00	0.00	-1	
789011756	SMP	1	0.00	0.00	0.00	0.00	-1	
789061720	SMP	1	0.00	0.00	0.00	0.00	-1	
789111954	SMP	1	0.00	0.00	0.00	0.00	-1	
789161821	SMP	1	0.00	0.00	0.00	0.00	-1	
789211871	SMP	1	0.00	0.00	0.00	0.00	-1	
789261819	SMP	1	0.00	0.00	0.00	0.00	-1	
789311913	SMP	1	0.00	0.00	0.00	0.00	-1	
789362097	SMP	1	0.00	0.00	0.00	0.00	-1	
789411989	SMP	1	0.00	0.00	0.00	0.00	-1	
789461921	SMP	1	0.00	0.00	0.00	0.00	-1	
789511954	SMP	1	0.00	0.00	0.00	0.00	-1	
789561952	SMP	1	0.00	0.00	0.00	0.00	-1	
789612103	SMP	1	0.00	0.00	0.00	0.00	-1	
789662165	SMP	1	0.00	0.00	0.00	0.00	-1	
789712124	SMP	1	0.00	0.00	0.00	0.00	-1	
789762122	SMP	1	0.00	0.00	0.00	0.00	-1	
789812125	SMP	1	0.00	0.00	0.00	0.00	-1	
789862602	SMP	1	0.00	0.00	0.00	0.00	-1	
789912220	SMP	1	0.00	0.00	0.00	0.00	-1	
789962225	SMP	1	0.00	0.00	0.00	0.00	-1	
790012232	SMP	1	0.00	0.00	0.00	0.00	-1	
790062208	SMP	1	0.00	0.00	0.00	0.00	-1	
790112445	SMP	1	0.00	0.00	0.00	0.00	-1	
790162332	SMP	1	0.00	0.00	0.00	0.00	-1	
790212350	SMP	1	0.00	0.00	0.00	0.00	-1	
790262523	SMP	1	0.00	0.00	0.00	0.00	-1	
790312350	SMP	1	0.00	0.00	0.00	0.00	-1	
790362500	SMP	1	0.00	0.00	0.00	0.00	-1	
790412491	SMP	1	0.00	0.00	0.00	0.00	-1	
790462436	SMP	1	0.00	0.00	0.00	0.00	-1	
790512556	SMP	1	0.00	0.00	0.00	0.00	-1	
790562543	SMP	1	0.00	0.00	0.00	0.00	-1	
790612432	SMP	1	0.00	0.00	0.00	0.00	-1	
790662558	SMP	1	0.00	0.00	0.00	0.00	-1	
790712602	SMP	1	0.00	0.00	0.00	0.00	-1	
790762609	SMP	1	0.00	0.00	0.00	0.00	-1	
790812609	SMP	1	0.00	0.00	0.00	0.00	-1	
790862611	SMP	1	0.00	0.00	0.00	0.00	-1	
790912735	SMP	1	0.00	0.00	0.00	0.00	-1	
790962694	SMP	1	0.00	0.00	0.00	0.00	-1	
791012735	SMP	1	0.00	0.00	0.00	0.00	-1	
791062699	SMP	1	0.00	0.00	0.00	0.00	-1	
791112712	SMP	1	0.00	0.00	0.00	0.00	-1	
791162806	SMP	1	0.00	0.00	0.00	0.00	-1	
791212891	SMP	1	0.00	0.00	0.00	0.00	-1	
791263174	SMP	1	0.00	0.00	0.00	0.00	-1	
791312917	SMP	1	0.00	0.00	0.00	0.00	-1	
791363121	SMP	1	0.00	0.00	0.00	0.00	-1	
791412989	SMP	1	0.00	0.00	0.00	0.00	-1	
791462941	SMP	1	0.00	0.00	0.00	0.00	-1	
791513005	SMP	1	0.00	0.00	0.00	0.00	-1	
791562949	SMP	1	0.00	0.00	0.00	0.00	-1	
791613047	SMP	1	0.00	0.00	0.00	0.00	-1	
791663377	SMP	1	0.00	0.00	0.00	0.00	-1	
791713060	SMP	1	0.00	0.00	0.00	0.00	-1	
791763156	SMP	1	0.00	0.00	0.00	0.00	-1	
791813083	SMP	1	0.00	0.00	0.00	0.00	-1	
791863323	SMP	1	0.00	0.00	0.00	0.00	-1	
791913227	SMP	1	0.00	0.00	0.00	0.00	-1	
791963199	SMP	1	0.00	0.00	0.00	0.00	-1	
792013248	SMP	1	0.00	0.00	0.00	0.00	-1	
792063359	SMP	1	0.00	0.00	0.00	0.00	-1	
792113611	SMP	1	0.00	0.00	0.00	0.00	-1	
792163331	SMP	1	0.00	0.00	0.00	0.00	-1	
792213329	SMP	1	0.00	0.00	0.00	0.00	-1	
792263309	SMP	1	0.00	0.00	0.00	0.00	-1	
792313334	SMP	1	0.00	0.00	0.00	0.00	-1	
792363539	SMP	1	0.00	0.00	0.00	0.00	-1	
792413455	SMP	1	0.00	0.00	0.00	0.00	-1	
792463462	SMP	1	0.00	0.00	0.00	0.00	-1	
792513460	SMP	1	0.00	0.00	0.00	0.00	-1	
792563554	SMP	1	0.00	0.00	0.00	0.00	-1	
792613623	SMP	1	0.00	0.00	0.00	0.00	-1	
792663586	SMP	1	0.00	0.00	0.00	0.00	-1	
792713571	SMP	1	0.00	0.00	0.00	0.00	-1	
792763657	SMP	1	0.00	0.00	0.00	0.00	-1	
792813596	SMP	1	0.00	0.00	0.00	0.00	-1	
792863830	SMP	1	0.00	0.00	0.00	0.00	-1	
792913707	SMP	1	0.00	0.00	0.00	0.00	-1	
792963703	SMP	1	0.00	0.00	0.00	0.00	-1	
793013792	SMP	1	0.00	0.00	0.00	0.00	-1	
793064069	SMP	1	0.00	0.00	0.00	0.00	-1	
793113805	SMP	1	0.00	0.00	0.00	0.00	-1	
793163847	SMP	1	0.00	0.00	0.00	0.00	-1	
793213838	SMP	1	0.00	0.00	0.00	0.00	-1	
793263811	SMP	1	0.00	0.00	0.00	0.00	-1	
793314146	SMP	1	0.00	0.00	0.00	0.00	-1	
793364010	SMP	1	0.00	0.00	0.00	0.00	-1	
793414116	SMP	1	0.00	0.00	0.00	0.00	-1	
793464487	SMP	1	0.00	0.00	0.00	0.00	-1	
793513996	SMP	1	0.00	0.00	0.00	0.00	-1	
793563919	SMP	1	0.00	0.00	0.00	0.00	-1	
793614125	SMP	1	0.00	0.00	0.00	0.00	-1	
793664135	SMP	1	0.00	0.00	0.00	0.00	-1	
793714090	SMP	1	0.00	0.00	0.00	0.00	-1	
793764086	SMP	1	0.00	0.00	0.00	0.00	-1	
793814091	SMP	1	0.00	0.00	0.00	0.00	-1	
793864742	SMP	1	0.00	0.00	0.00	0.00	-1	
793914177	SMP	1	0.00	0.00	0.00	0.00	-1	
793964160	SMP	1	0.00	0.00	0.00	0.00	-1	
794014220	SMP	1	0.00	0.00	0.00	0.00	-1	
794064866	SMP	1	0.00	0.00	0.00	0.00	-1	
794114311	SMP	1	0.00	0.00	0.00	0.00	-1	
794164235	SMP	1	0.00	0.00	0.00	0.00	-1	
794214325	SMP	1	0.00	0.00	0.00	0.00	-1	
794264324	SMP	1	0.00	0.00	0.00	0.00	-1	
794314448	SMP	1	0.00	0.00	0.00	0.00	-1	
794364510	SMP	1	0.00	0.00	0.00	0.00	-1	
794414458	SMP	1	0.00	0.00	0.00	0.00	-1	
794465152	SMP	1	0.00	0.00	0.00	0.00	-1	
794514472	SMP	1	0.00	0.00	0.00	0.00	-1	
794564505	SMP	1	0.00	0.00	0.00	0.00	-1	
794614525	SMP	1	0.00	0.00	0.00	0.00	-1	
794664531	SMP	1	0.00	0.00	0.00	0.00	-1	
794714585	SMP	1	0.00	0.00	0.00	0.00	-1	
794764724	SMP	1	0.00	0.00	0.00	0.00	-1	
794814544	SMP	1	0.00	0.00	0.00	0.00	-1	
794865259	SMP	1	0.00	0.00	0.00	0.00	-1	
794914712	SMP	1	0.00	0.00	0.00	0.00	-1	
794965279	SMP	1	0.00	0.00	0.00	0.00	-1	
795014739	SMP	1	0.00	0.00	0.00	0.00	-1	
795064789	SMP	1	0.00	0.00	0.00	0.00	-1	
795114809	SMP	1	0.00	0.00	0.00	0.00	-1	
795164974	SMP	1	0.00	0.00	0.00	0.00	-1	
795214823	SMP	1	0.00	0.00	0.00	0.00	-1	
795264950	SMP	1	0.00	0.00	0.00	0.00	-1	
795314826	SMP	1	0.00	0.00	0.00	0.00	-1	
795365014	SMP	1	0.00	0.00	0.00	0.00	-1	
795414912	SMP	1	0.00	0.00	0.00	0.00	-1	
795464861	SMP	1	0.00	0.00	0.00	0.00	-1	
795514964	SMP	1	0.00	0.00	0.00	0.00	-1	
795565039	SMP	1	0.00	0.00	0.00	0.00	-1	
795615020	SMP	1	0.00	0.00	0.00	0.00	-1	
795665208	SMP	1	0.00	0.00	0.00	0.00	-1	
795715085	SMP	1	0.00	0.00	0.00	0.00	-1	
795765094	SMP	1	0.00	0.00	0.00	0.00	-1	
795815111	SMP	1	0.00	0.00	0.00	0.00	-1	
795866244	SMP	1	0.00	0.00	0.00	0.00	-1	
795915235	SMP	1	0.00	0.00	0.00	0.00	-1	
795965256	SMP	1	0.00	0.00	0.00	0.00	-1	
796015249	SMP	1	0.00	0.00	0.00	0.00	-1	
796065470	SMP	1	0.00	0.00	0.00	0.00	-1	
796115307	SMP	1	0.00	0.00	0.00	0.00	-1	
796165304	SMP	1	0.00	0.00	0.00	0.00	-1	
796215305	SMP	1	0.00	0.00	0.00	0.00	-1	
796265253	SMP	1	0.00	0.00	0.00	0.00	-1	
796315357	SMP	1	0.00	0.00	0.00	0.00	-1	
796366013	SMP	1	0.00	0.00	0.00	0.00	-1	
796415458	SMP	1	0.00	0.00	0.00	0.00	-1	
796465884	SMP	1	0.00	0.00	0.00	0.00	-1	
796515552	SMP	1	0.00	0.00	0.00	0.00	-1	
796565502	SMP	1	0.00	0.00	0.00	0.00	-1	
796615540	SMP	1	0.00	0.00	0.00	0.00	-1	
796665695	SMP	1	0.00	0.00	0.00	0.00	-1	
796715562	SMP	1	0.00	0.00	0.00	0.00	-1	
796765634	SMP	1	0.00	0.00	0.00	0.00	-1	
796815570	SMP	1	0.00	0.00	0.00	0.00	-1	
796865810	SMP	1	0.00	0.00	0.00	0.00	-1	
796915785	SMP	1	0.00	0.00	0.00	0.00	-1	
796965701	SMP	1	0.00	0.00	0.00	0.00	-1	
797015681	SMP	1	0.00	0.00	0.00	0.00	-1	
797065876	SMP	1	0.00	0.00	0.00	0.00	-1	
797115797	SMP	1	0.00	0.00	0.00	0.00	-1	
797165953	SMP	1	0.00	0.00	0.00	0.00	-1	
797215811	SMP	1	0.00	0.00	0.00	0.00	-1	
797266483	SMP	1	0.00	0.00	0.00	0.00	-1	
797315838	SMP	1	0.00	0.00	0.00	0.00	-1	
797366482	SMP	1	0.00	0.00	0.00	0.00	-1	
797415888	SMP	1	0.00	0.00	0.00	0.00	-1	
797465877	SMP	1	0.00	0.00	0.00	0.00	-1	
797515896	SMP	1	0.00	0.00	0.00	0.00	-1	
797566033	SMP	1	0.00	0.00	0.00	0.00	-1	
797616121	SMP	1	0.00	0.00	0.00	0.00	-1	
797666769	SMP	1	0.00	0.00	0.00	0.00	-1	
797716051	SMP	1	0.00	0.00	0.00	0.00	-1	
797765983	SMP	1	0.00	0.00	0.00	0.00	-1	
797816324	SMP	1	0.00	0.00	0.00	0.00	-1	
797866823	SMP	1	0.00	0.00	0.00	0.00	-1	
797916186	SMP	1	0.00	0.00	0.00	0.00	-1	
797966180	SMP	1	0.00	0.00	0.00	0.00	-1	
798016264	SMP	1	0.00	0.00	0.00	0.00	-1	
798066338	SMP	1	0.00	0.00	0.00	0.00	-1	
798116317	SMP	1	0.00	0.00	0.00	0.00	-1	
798166278	SMP	1	0.00	0.00	0.00	0.00	-1	
798216265	SMP	1	0.00	0.00	0.00	0.00	-1	
798266370	SMP	1	0.00	0.00	0.00	0.00	-1	
798316444	SMP	1	0.00	0.00	0.00	0.00	-1	
798366345	SMP	1	0.00	0.00	0.00	0.00	-1	
798416440	SMP	1	0.00	0.00	0.00	0.00	-1	
798466535	SMP	1	0.00	0.00	0.00	0.00	-1	
798516435	SMP	1	0.00	0.00	0.00	0.00	-1	
798566468	SMP	1	0.00	0.00	0.00	0.00	-1	
798616527	SMP	1	0.00	0.00	0.00	0.00	-1	
798666615	SMP	1	0.00	0.00	0.00	0.00	-1	
798716690	SMP	1	0.00	0.00	0.00	0.00	-1	
798767144	SMP	1	0.00	0.00	0.00	0.00	-1	
798816552	SMP	1	0.00	0.00	0.00	0.00	-1	
798867221	SMP	1	0.00	0.00	0.00	0.00	-1	
798916627	SMP	1	0.00	0.00	0.00	0.00	-1	
798966662	SMP	1	0.00	0.00	0.00	0.00	-1	
799016656	SMP	1	0.00	0.00	0.00	0.00	-1	
799067569	SMP	1	0.00	0.00	0.00	0.00	-1	
799116812	SMP	1	0.00	0.00	0.00	0.00	-1	
799166841	SMP	1	0.00	0.00	0.00	0.00	-1	
799216750	SMP	1	0.00	0.00	0.00	0.00	-1	
799266777	SMP	1	0.00	0.00	0.00	0.00	-1	
799316923	SMP	1	0.00	0.00	0.00	0.00	-1	
799366858	SMP	1	0.00	0.00	0.00	0.00	-1	
799416877	SMP	1	0.00	0.00	0.00	0.00	-1	
799466843	SMP	1	0.00	0.00	0.00	0.00	-1	
799517215	SMP	1	0.00	0.00	0.00	0.00	-1	
799567098	SMP	1	0.00	0.00	0.00	0.00	-1	
799617016	SMP	1	0.00	0.00	0.00	0.00	-1	
799667630	SMP	1	0.00	0.00	0.00	0.00	-1	
799717058	SMP	1	0.00	0.00	0.00	0.00	-1	
799767155	SMP	1	0.00	0.00	0.00	0.00	-1	
799817136	SMP	1	0.00	0.00	0.00	0.00	-1	
799867077	SMP	1	0.00	0.00	0.00	0.00	-1	
799917313	SMP	1	0.00	0.00	0.00	0.00	-1	
799967719	SMP	1	0.00	0.00	0.00	0.00	-1	
800017173	SMP	1	0.00	0.00	0.00	0.00	-1	
800067861	SMP	1	0.00	0.00	0.00	0.00	-1	
800117289	SMP	1	0.00	0.00	0.00	0.00	-1	
800167499	SMP	1	0.00	0.00	0.00	0.00	-1	
800217280	SMP	1	0.00	0.00	0.00	0.00	-1	
800267875	SMP	1	0.00	0.00	0.00	0.00	-1	
800317355	SMP	1	0.00	0.00	0.00	0.00	-1	
800367481	SMP	1	0.00	0.00	0.00	0.00	-1	
800417413	SMP	1	0.00	0.00	0.00	0.00	-1	
800467746	SMP	1	0.00	0.00	0.00	0.00	-1	
800517375	SMP	1	0.00	0.00	0.00	0.00	-1	
800567471	SMP	1	0.00	0.00	0.00	0.00	-1	
800617522	SMP	1	0.00	0.00	0.00	0.00	-1	
800667484	SMP	1	0.00	0.00	0.00	0.00	-1	
800717629	SMP	1	0.00	0.00	0.00	0.00	-1	
800767555	SMP	1	0.00	0.00	0.00	0.00	-1	
800817602	SMP	1	0.00	0.00	0.00	0.00	-1	
800868176	SMP	1	0.00	0.00	0.00	0.00	-1	
800917793	SMP	1	0.00	0.00	0.00	0.00	-1	
800968210	SMP	1	0.00	0.00	0.00	0.00	-1	
801017904	SMP	1	0.00	0.00	0.00	0.00	-1	
801069185	SMP	1	0.00	0.00	0.00	0.00	-1	
801117788	SMP	1	0.00	0.00	0.00	0.00	-1	
801168328	SMP	1	0.00	0.00	0.00	0.00	-1	
801217873	SMP	1	0.00	0.00	0.00	0.00	-1	
801268112	SMP	1	0.00	0.00	0.00	0.00	-1	
801317934	SMP	1	0.00	0.00	0.00	0.00	-1	
801368492	SMP	1	0.00	0.00	0.00	0.00	-1	
801417862	SMP	1	0.00	0.00	0.00	0.00	-1	
801467911	SMP	1	0.00	0.00	0.00	0.00	-1	
801517963	SMP	1	0.00	0.00	0.00	0.00	-1	
801568416	SMP	1	0.00	0.00	0.00	0.00	-1	
801617990	SMP	1	0.00	0.00	0.00	0.00	-1	
801668531	SMP	1	0.00	0.00	0.00	0.00	-1	
801718032	SMP	1	0.00	0.00	0.00	0.00	-1	
801768461	SMP	1	0.00	0.00	0.00	0.00	-1	
801818133	SMP	1	0.00	0.00	0.00	0.00	-1	
801868233	SMP	1	0.00	0.00	0.00	0.00	-1	
801918155	SMP	1	0.00	0.00	0.00	0.00	-1	
801968636	SMP	1	0.00	0.00	0.00	0.00	-1	
802018515	SMP	1	0.00	0.00	0.00	0.00	-1	
802068494	SMP	1	0.00	0.00	0.00	0.00	-1	
802118288	SMP	1	0.00	0.00	0.00	0.00	-1	
802168862	SMP	1	0.00	0.00	0.00	0.00	-1	
802218298	SMP	1	0.00	0.00	0.00	0.00	-1	
802268778	SMP	1	0.00	0.00	0.00	0.00	-1	
802318330	SMP	1	0.00	0.00	0.00	0.00	-1	
802368380	SMP	1	0.00	0.00	0.00	0.00	-1	
802418424	SMP	1	0.00	0.00	0.00	0.00	-1	
802468440	SMP	1	0.00	0.00	0.00	0.00	-1	
802518521	SMP	1	0.00	0.00	0.00	0.00	-1	
802569187	SMP	1	0.00	0.00	0.00	0.00	-1	
802618514	SMP	1	0.00	0.00	0.00	0.00	-1	
802669014	SMP	1	0.00	0.00	0.00	0.00	-1	
802718535	SMP	1	0.00	0.00	0.00	0.00	-1	
802768569	SMP	1	0.00	0.00	0.00	0.00	-1	
802818589	SMP	1	0.00	0.00	0.00	0.00	-1	
802869145	SMP	1	0.00	0.00	0.00	0.00	-1	
802918714	SMP	1	0.00	0.00	0.00	0.00	-1	
802968719	SMP	1	0.00	0.00	0.00	0.00	-1	
803018645	SMP	1	0.00	0.00	0.00	0.00	-1	
803068750	SMP	1	0.00	0.00	0.00	0.00	-1	
803118877	SMP	1	0.00	0.00	0.00	0.00	-1	
803168886	SMP	1	0.00	0.00	0.00	0.00	-1	
803218770	SMP	1	0.00	0.00	0.00	0.00	-1	
803269770	SMP	1	0.00	0.00	0.00	0.00	-1	
803318914	SMP	1	0.00	0.00	0.00	0.00	-1	
803368993	SMP	1	0.00	0.00	0.00	0.00	-1	
803418913	SMP	1	0.00	0.00	0.00	0.00	-1	
803469620	SMP	1	0.00	0.00	0.00	0.00	-1	
803518948	SMP	1	0.00	0.00	0.00	0.00	-1	
803569035	SMP	1	0.00	0.00	0.00	0.00	-1	
803618950	SMP	1	0.00	0.00	0.00	0.00	-1	
803669563	SMP	1	0.00	0.00	0.00	0.00	-1	
803719035	SMP	1	0.00	0.00	0.00	0.00	-1	
803769405	SMP	1	0.00	0.00	0.00	0.00	-1	
803819209	SMP	1	0.00	0.00	0.00	0.00	-1	
803869280	SMP	1	0.00	0.00	0.00	0.00	-1	
803919217	SMP	1	0.00	0.00	0.00	0.00	-1	
803969663	SMP	1	0.00	0.00	0.00	0.00	-1	
804019373	SMP	1	0.00	0.00	0.00	0.00	-1	
804069857	SMP	1	0.00	0.00	0.00	0.00	-1	
804119283	SMP	1	0.00	0.00	0.00	0.00	-1	
804169877	SMP	1	0.00	0.00	0.00	0.00	-1	
804219317	SMP	1	0.00	0.00	0.00	0.00	-1	
804270381	SMP	1	0.00	0.00	0.00	0.00	-1	
804319320	SMP	1	0.00	0.00	0.00	0.00	-1	
804369349	SMP	1	0.00	0.00	0.00	0.00	-1	
804419419	SMP	1	0.00	0.00	0.00	0.00	-1	
804469380	SMP	1	0.00	0.00	0.00	0.00	-1	
804519484	SMP	1	0.00	0.00	0.00	0.00	-1	
804569541	SMP	1	0.00	0.00	0.00	0.00	-1	
804619481	SMP	1	0.00	0.00	0.00	0.00	-1	
804669936	SMP	1	0.00	0.00	0.00	0.00	-1	
804719639	SMP	1	0.00	0.00	0.00	0.00	-1	
804769733	SMP	1	0.00	0.00	0.00	0.00	-1	
804819621	SMP	1	0.00	0.00	0.00	0.00	-1	
804869598	SMP	1	0.00	0.00	0.00	0.00	-1	
804919647	SMP	1	0.00	0.00	0.00	0.00	-1	
804970140	SMP	1	0.00	0.00	0.00	0.00	-1	
805019754	SMP	1	0.00	0.00	0.00	0.00	-1	
805070420	SMP	1	0.00	0.00	0.00	0.00	-1	
805119828	SMP	1	0.00	0.00	0.00	0.00	-1	
805170254	SMP	1	0.00	0.00	0.00	0.00	-1	
805219733	SMP	1	0.00	0.00	0.00	0.00	-1	
805270904	SMP	1	0.00	0.00	0.00	0.00	-1	
805319864	SMP	1	0.00	0.00	0.00	0.00	-1	
805369874	SMP	1	0.00	0.00	0.00	0.00	-1	
805419868	SMP	1	0.00	0.00	0.00	0.00	-1	
805471260	SMP	1	0.00	0.00	0.00	0.00	-1	
805520008	SMP	1	0.00	0.00	0.00	0.00	-1	
805569940	SMP	1	0.00	0.00	0.00	0.00	-1	
805619981	SMP	1	0.00	0.00	0.00	0.00	-1	
805670481	SMP	1	0.00	0.00	0.00	0.00	-1	
805720021	SMP	1	0.00	0.00	0.00	0.00	-1	
805770189	SMP	1	0.00	0.00	0.00	0.00	-1	
805820053	SMP	1	0.00	0.00	0.00	0.00	-1	
805870985	SMP	1	0.00	0.00	0.00	0.00	-1	
805920104	SMP	1	0.00	0.00	0.00	0.00	-1	
805970101	SMP	1	0.00	0.00	0.00	0.00	-1	
806020226	SMP	1	0.00	0.00	0.00	0.00	-1	
806070340	SMP	1	0.00	0.00	0.00	0.00	-1	
806120251	SMP	1	0.00	0.00	0.00	0.00	-1	
806170219	SMP	1	0.00	0.00	0.00	0.00	-1	
806220283	SMP	1	0.00	0.00	0.00	0.00	-1	
806270468	SMP	1	0.00	0.00	0.00	0.00	-1	
806320323	SMP	1	0.00	0.00	0.00	0.00	-1	
806370446	SMP	1	0.00	0.00	0.00	0.00	-1	
806420328	SMP	1	0.00	0.00	0.00	0.00	-1	
806471361	SMP	1	0.00	0.00	0.00	0.00	-1	
806520481	SMP	1	0.00	0.00	0.00	0.00	-1	
806570585	SMP	1	0.00	0.00	0.00	0.00	-1	
806620489	SMP	1	0.00	0.00	0.00	0.00	-1	
806671441	SMP	1	0.00	0.00	0.00	0.00	-1	
806720465	SMP	1	0.00	0.00	0.00	0.00	-1	
806770711	SMP	1	0.00	0.00	0.00	0.00	-1	
806820603	SMP	1	0.00	0.00	0.00	0.00	-1	
806870583	SMP	1	0.00	0.00	0.00	0.00	-1	
806920634	SMP	1	0.00	0.00	0.00	0.00	-1	
806970725	SMP	1	0.00	0.00	0.00	0.00	-1	
807020794	SMP	1	0.00	0.00	0.00	0.00	-1	
807070889	SMP	1	0.00	0.00	0.00	0.00	-1	
807120714	SMP	1	0.00	0.00	0.00	0.00	-1	
807170755	SMP	1	0.00	0.00	0.00	0.00	-1	
807220740	SMP	1	0.00	0.00	0.00	0.00	-1	
807270975	SMP	1	0.00	0.00	0.00	0.00	-1	
807320880	SMP	1	0.00	0.00	0.00	0.00	-1	
807370980	SMP	1	0.00	0.00	0.00	0.00	-1	
807420979	SMP	1	0.00	0.00	0.00	0.00	-1	
807472191	SMP	1	0.00	0.00	0.00	0.00	-1	
807520948	SMP	1	0.00	0.00	0.00	0.00	-1	
807570986	SMP	1	0.00	0.00	0.00	0.00	-1	
807620980	SMP	1	0.00	0.00	0.00	0.00	-1	
807671018	SMP	1	0.00	0.00	0.00	0.00	-1	
807720997	SMP	1	0.00	0.00	0.00	0.00	-1	
807771087	SMP	1	0.00	0.00	0.00	0.00	-1	
807821243	SMP	1	0.00	0.00	0.00	0.00	-1	
807871302	SMP	1	0.00	0.00	0.00	0.00	-1	
807921164	SMP	1	0.00	0.00	0.00	0.00	-1	
807971278	SMP	1	0.00	0.00	0.00	0.00	-1	
808021204	SMP	1	0.00	0.00	0.00	0.00	-1	
808071229	SMP	1	0.00	0.00	0.00	0.00	-1	
808121261	SMP	1	0.00	0.00	0.00	0.00	-1	
808171270	SMP	1	0.00	0.00	0.00	0.00	-1	
