## [iView]
## Converted from:	F:\transfer\JUNE12 RAW DATA\5_2\061213_01-eye_data.idf
## Date:	12.06.2013 18:49:20
## Version:	IDF Converter 3.0.14
## IDF Version:	9
## Sample Rate:	120
## Separator Type:	Msg
## Trial Count:	1
## Uses Plane File:	False
## Number of Samples:	787                                                                                                                                                                                                                                                             
## Reversed:	none
## [Run]
## Subject:	061213_01                                                                                                                                                                                                                                                       
## Description:	                                                                                                                                                                                                                                                                
## [Calibration]
## Calibration Type:	2-point
## Calibration Area:	1680	1050
## Calibration Point 0:	Position(335;210)
## Calibration Point 1:	Position(1343;840)
## [Geometry]
## Stimulus Dimension [mm]:	474	297
## Head Distance [mm]:	700
## [Hardware Setup]
## System ID:	IVR-X-1140-06110-SMU
## Operating System :	5.1
## iView X Version:	2.7.13
## [Filter Settings]
## Heuristic:	False
## Heuristic Stage:	0
## Bilateral:	True
## Gaze Cursor Filter:	True
## Saccade Length [px]:	80
## Filter Depth [ms]:	20
## Format:	LEFT, RIGHT, POR, QUALITY, MSG
## 
Time	Type	Trial	L POR X [px]	L POR Y [px]	R POR X [px]	R POR Y [px]	Timing	Latency	L Validity	R Validity	Pupil Confidence	Aux1
4479164387	SMP	1	471.35	245.32	471.35	245.32	0	1394	0	0	1	
4479172771	SMP	1	466.99	231.18	466.99	231.18	0	1640	0	0	1	
4479181155	SMP	1	488.02	232.98	488.02	232.98	0	1998	0	0	1	
4479189379	SMP	1	655.94	230.45	655.94	230.45	0	1505	0	0	1	
4479197712	SMP	1	745.85	215.63	745.85	215.63	0	1688	0	0	1	
4479206098	SMP	1	824.15	40.37	824.15	40.37	0	1605	0	0	1	
4479214467	SMP	1	870.61	-35.69	870.61	-35.69	0	1708	0	0	1	
4479222708	SMP	1	0.00	-0.42	0.00	-0.42	0	1929	0	0	1	
4479231071	SMP	1	945.62	-40.02	945.62	-40.02	0	1805	0	0	1	
4479239448	SMP	1	913.07	51.12	913.07	51.12	0	2448	0	0	1	
4479247713	SMP	1	0.00	-1.96	0.00	-1.96	0	1801	0	0	1	
4479256123	SMP	1	0.00	-1.49	0.00	-1.49	0	1972	0	0	1	
4479264522	SMP	1	0.00	-1.20	0.00	-1.20	0	1728	0	0	1	
4479272837	SMP	1	0.00	-1.00	0.00	-1.00	0	1715	0	0	1	
4479281129	SMP	1	0.00	-0.85	0.00	-0.85	0	1962	0	0	1	
4479289458	SMP	1	0.00	-0.73	0.00	-0.73	0	1706	0	0	1	
4479297866	SMP	1	921.11	-5.38	921.11	-5.38	0	1683	0	0	1	
4479306234	SMP	1	905.56	-54.73	905.56	-54.73	0	2163	0	0	1	
4479314516	SMP	1	936.13	-34.44	936.13	-34.44	0	2116	0	0	1	
4479322867	SMP	1	925.71	-27.90	925.71	-27.90	0	3070	0	0	1	
4479331264	SMP	1	0.00	-5.09	0.00	-5.09	0	2451	0	0	1	
4479339612	SMP	1	933.39	-12.27	933.39	-12.27	0	2288	0	0	1	
4479347873	SMP	1	0.00	-6.93	0.00	-6.93	0	1471	0	0	1	
4479356272	SMP	1	0.00	-6.77	0.00	-6.77	0	1558	0	0	1	
4479364621	SMP	1	956.06	-8.58	956.06	-8.58	0	1797	0	0	1	
4479372984	SMP	1	0.00	-7.09	0.00	-7.09	0	2180	0	0	1	
4479381250	SMP	1	0.00	-6.84	0.00	-6.84	0	2394	0	0	1	
4479389632	SMP	1	0.00	-5.63	0.00	-5.63	0	2400	0	0	1	
4479398003	SMP	1	951.37	-15.45	951.37	-15.45	0	2489	0	0	1	
4479406244	SMP	1	0.00	-5.33	0.00	-5.33	0	2345	0	0	1	
4479414622	SMP	1	960.11	-45.05	960.11	-45.05	0	2405	0	0	1	
4479422988	SMP	1	992.35	-89.37	992.35	-89.37	0	2903	0	0	1	
4479431351	SMP	1	0.00	-3.37	0.00	-3.37	0	3659	0	0	1	
4479439570	SMP	1	0.00	-3.29	0.00	-3.29	0	3686	0	0	1	
4479447958	SMP	1	931.00	-90.57	931.00	-90.57	0	3887	0	0	1	
4479456333	SMP	1	960.18	-84.37	960.18	-84.37	0	3607	0	0	1	
4479464711	SMP	1	0.00	-3.56	0.00	-3.56	0	3495	0	0	1	
4479472950	SMP	1	0.00	-3.40	0.00	-3.40	0	3321	0	0	1	
4479481333	SMP	1	965.66	-92.35	965.66	-92.35	0	3206	0	0	1	
4479489691	SMP	1	0.00	-1.02	0.00	-1.02	0	3082	0	0	1	
4479498076	SMP	1	875.46	-87.03	875.46	-87.03	0	3189	0	0	1	
4479506333	SMP	1	0.00	-0.81	0.00	-0.81	0	3509	0	0	1	
4479514713	SMP	1	891.51	-94.23	891.51	-94.23	0	3540	0	0	1	
4479523068	SMP	1	0.00	-0.79	0.00	-0.79	0	1844	0	0	1	
4479531334	SMP	1	1046.92	-54.71	1046.92	-54.71	0	1673	0	0	1	
4479539700	SMP	1	1078.34	178.45	1078.34	178.45	0	1619	0	0	1	
4479548069	SMP	1	1184.00	248.94	1184.00	248.94	0	1899	0	0	1	
4479556475	SMP	1	1254.80	264.58	1254.80	264.58	0	1997	0	0	1	
4479564696	SMP	1	1332.17	384.55	1332.17	384.55	0	1697	0	0	1	
4479573058	SMP	1	1325.15	293.64	1325.15	293.64	0	1988	0	0	1	
4479581440	SMP	1	1314.19	322.30	1314.19	322.30	0	1691	0	0	1	
4479589833	SMP	1	1330.13	335.53	1330.13	335.53	0	2094	0	0	1	
4479598069	SMP	1	1331.13	319.26	1331.13	319.26	0	1851	0	0	1	
4479606445	SMP	1	1329.76	344.59	1329.76	344.59	0	1903	0	0	1	
4479614824	SMP	1	1328.36	333.30	1328.36	333.30	0	1697	0	0	1	
4479623180	SMP	1	1326.63	326.24	1326.63	326.24	0	1872	0	0	1	
4479631441	SMP	1	1319.81	315.98	1319.81	315.98	0	1648	0	0	1	
4479639805	SMP	1	1339.77	332.28	1339.77	332.28	0	1821	0	0	1	
4479648256	SMP	1	1328.55	344.41	1328.55	344.41	0	2061	0	0	0	
4479656510	SMP	1	1323.08	332.16	1323.08	332.16	0	1963	0	0	1	
4479664899	SMP	1	1337.30	342.62	1337.30	342.62	0	2127	0	0	1	
4479673284	SMP	1	1329.80	338.88	1329.80	338.88	0	2379	0	0	1	
4479681662	SMP	1	1337.42	348.37	1337.42	348.37	0	1702	0	0	1	
4479689860	SMP	1	1342.10	362.94	1342.10	362.94	0	1361	0	0	1	
4479698256	SMP	1	1330.39	342.54	1330.39	342.54	0	1752	0	0	1	
4479706628	SMP	1	1328.61	337.38	1328.61	337.38	0	1402	0	0	1	
4479714991	SMP	1	1332.28	350.70	1332.28	350.70	0	1380	0	0	1	
4479723239	SMP	1	1332.29	355.74	1332.29	355.74	0	1542	0	0	1	
4479731617	SMP	1	1339.32	344.22	1339.32	344.22	0	1371	0	0	1	
4479739990	SMP	1	1332.54	351.03	1332.54	351.03	0	1516	0	0	1	
4479748373	SMP	1	1334.00	359.33	1334.00	359.33	0	1927	0	0	1	
4479756635	SMP	1	1335.02	371.07	1335.02	371.07	0	1529	0	0	1	
4479765006	SMP	1	1331.76	345.47	1331.76	345.47	0	1376	0	0	1	
4479773305	SMP	1	1331.85	351.92	1331.85	351.92	0	1429	0	0	1	
4479781746	SMP	1	1332.34	341.36	1332.34	341.36	0	1296	0	0	1	
4479789982	SMP	1	1334.66	365.78	1334.66	365.78	0	1309	0	0	1	
4479798366	SMP	1	1333.26	380.38	1333.26	380.38	0	1512	0	0	1	
4479806735	SMP	1	1334.12	351.90	1334.12	351.90	0	1382	0	0	1	
4479814993	SMP	1	1334.37	368.17	1334.37	368.17	0	1386	0	0	1	
4479823358	SMP	1	1338.93	343.01	1338.93	343.01	0	1516	0	0	1	
4479831688	SMP	1	1336.02	337.01	1336.02	337.01	0	1336	0	0	1	
4479840106	SMP	1	1332.55	327.55	1332.55	327.55	0	1360	0	0	1	
4479848345	SMP	1	1335.32	373.98	1335.32	373.98	0	1437	0	0	1	
4479856734	SMP	1	1334.12	377.15	1334.12	377.15	0	1324	0	0	1	
4479865115	SMP	1	1348.27	376.66	1348.27	376.66	0	1378	0	0	1	
4479873478	SMP	1	1399.50	330.92	1399.50	330.92	0	1667	0	0	1	
4479881738	SMP	1	1449.15	358.65	1449.15	358.65	0	1429	0	0	1	
4479890104	SMP	1	1480.44	332.83	1480.44	332.83	0	1341	0	0	1	
4479898482	SMP	1	1525.82	375.41	1525.82	375.41	0	1541	0	0	1	
4479906852	SMP	1	1515.16	379.30	1515.16	379.30	0	1368	0	0	1	
4479915113	SMP	1	1606.90	329.02	1606.90	329.02	0	1411	0	0	1	
4479923450	SMP	1	1525.85	364.15	1525.85	364.15	0	1524	0	0	1	
4479931861	SMP	1	1517.55	371.20	1517.55	371.20	0	1408	0	0	1	
4479940064	SMP	1	1512.76	324.15	1512.76	324.15	0	1333	0	0	1	
4479948482	SMP	1	1508.23	317.90	1508.23	317.90	0	1534	0	0	1	
4479956853	SMP	1	1501.08	313.28	1501.08	313.28	0	1391	0	0	1	
4479965240	SMP	1	1514.53	307.04	1514.53	307.04	0	1841	0	0	1	
4479973493	SMP	1	1513.13	347.86	1513.13	347.86	0	2410	0	0	1	
4479981880	SMP	1	1515.78	330.19	1515.78	330.19	0	2154	0	0	1	
4479990248	SMP	1	1514.87	338.72	1514.87	338.72	0	2176	0	0	1	
4479998640	SMP	1	1510.76	341.21	1510.76	341.21	0	2192	0	0	1	
4480006866	SMP	1	1499.79	325.55	1499.79	325.55	0	2114	0	0	1	
4480015293	SMP	1	1510.96	316.15	1510.96	316.15	0	2291	0	0	1	
4480023634	SMP	1	1504.23	323.06	1504.23	323.06	0	1990	0	0	1	
4480032004	SMP	1	1512.36	328.78	1512.36	328.78	0	2084	0	0	1	
4480040262	SMP	1	1509.58	337.06	1509.58	337.06	0	1367	0	0	1	
4480048625	SMP	1	1504.85	316.53	1504.85	316.53	0	1524	0	0	1	
4480057068	SMP	1	1509.98	334.92	1509.98	334.92	0	1462	0	0	1	
4480065248	SMP	1	1512.86	320.45	1512.86	320.45	0	1300	0	0	1	
4480073606	SMP	1	1511.57	346.57	1511.57	346.57	0	1455	0	0	1	
4480081992	SMP	1	1522.34	328.12	1522.34	328.12	0	1438	0	0	1	
4480090364	SMP	1	1499.74	365.44	1499.74	365.44	0	1369	0	0	1	
4480098616	SMP	1	1513.86	322.92	1513.86	322.92	0	1514	0	0	1	
4480107101	SMP	1	1501.66	341.53	1501.66	341.53	0	1480	0	0	1	
4480115366	SMP	1	1500.54	352.63	1500.54	352.63	0	1247	0	0	1	
4480123677	SMP	1	1499.81	358.13	1499.81	358.13	0	1471	0	0	1	
4480131996	SMP	1	1513.69	352.43	1513.69	352.43	0	1419	0	0	1	
4480140374	SMP	1	1509.35	361.23	1509.35	361.23	0	1599	0	0	1	
4480148740	SMP	1	1479.67	309.57	1479.67	309.57	0	1574	0	0	1	
4480157093	SMP	1	1385.64	228.14	1385.64	228.14	0	1481	0	0	1	
4480165332	SMP	1	1389.51	152.33	1389.51	152.33	0	1547	0	0	1	
4480173753	SMP	1	1323.88	267.77	1323.88	267.77	0	2170	0	0	1	
4480182151	SMP	1	1326.62	210.69	1326.62	210.69	0	1942	0	0	1	
4480190505	SMP	1	1326.84	229.06	1326.84	229.06	0	1762	0	0	1	
4480592179	MSG	1	# Message: elmo_duck1.avi
4480599236	SMP	1	915.75	15.97	915.75	15.97	0	1423	0	0	1	
4480607531	SMP	1	908.63	33.34	908.63	33.34	0	1717	0	0	1	
4480615863	SMP	1	903.23	74.82	903.23	74.82	0	1554	0	0	1	
4480624247	SMP	1	898.73	-12.08	898.73	-12.08	0	1564	0	0	1	
4480632453	SMP	1	0.00	8.74	0.00	8.74	0	1514	0	0	1	
4480641343	SMP	1	858.09	43.17	858.09	43.17	0	2977	0	0	0	
4480649286	SMP	1	914.08	74.14	914.08	74.14	0	1563	0	0	1	
4480657684	SMP	1	945.32	45.48	945.32	45.48	0	2465	0	0	1	
4480665882	SMP	1	889.45	2.27	889.45	2.27	0	1554	0	0	1	
4480674255	SMP	1	885.48	32.98	885.48	32.98	0	1470	0	0	1	
4480682652	SMP	1	935.58	17.20	935.58	17.20	0	1790	0	0	1	
4480691024	SMP	1	852.30	-93.16	852.30	-93.16	0	1506	0	0	1	
4480699226	SMP	1	895.42	22.81	895.42	22.81	0	1794	0	0	1	
4480707650	SMP	1	0.00	7.00	0.00	7.00	0	1696	0	0	1	
4480716035	SMP	1	0.00	8.75	0.00	8.75	0	1852	0	0	1	
4480724373	SMP	1	885.96	28.63	885.96	28.63	0	1858	0	0	1	
4480732598	SMP	1	902.05	81.72	902.05	81.72	0	2909	0	0	1	
4480741023	SMP	1	893.45	17.57	893.45	17.57	0	1580	0	0	1	
4480749357	SMP	1	895.06	7.70	895.06	7.70	0	1785	0	0	1	
4480757618	SMP	1	902.25	-27.30	902.25	-27.30	0	1657	0	0	1	
4480765983	SMP	1	905.34	-18.13	905.34	-18.13	0	1579	0	0	1	
4480774360	SMP	1	904.17	-8.04	904.17	-8.04	0	1451	0	0	1	
4480783353	SMP	1	925.60	26.38	925.60	26.38	0	2998	0	0	1	
4480791003	SMP	1	916.44	13.97	916.44	13.97	0	1611	0	0	1	
4480799378	SMP	1	916.76	-21.13	916.76	-21.13	0	1882	0	0	1	
4480807743	SMP	1	891.02	-33.42	891.02	-33.42	0	1604	0	0	1	
4480816180	SMP	1	927.34	43.75	927.34	43.75	0	2170	0	0	1	
4480824388	SMP	1	0.00	-3.68	0.00	-3.68	0	1397	0	0	1	
4480832680	SMP	1	919.53	-25.62	919.53	-25.62	0	1834	0	0	1	
4480841101	SMP	1	914.07	62.15	914.07	62.15	0	1626	0	0	1	
4480849562	SMP	1	829.67	252.76	829.67	252.76	0	1798	0	0	1	
4480857785	SMP	1	740.35	374.98	740.35	374.98	0	1900	0	0	1	
4480866135	SMP	1	670.26	440.87	670.26	440.87	0	1477	0	0	1	
4480874526	SMP	1	641.49	552.00	641.49	552.00	0	1484	0	0	1	
4480882750	SMP	1	568.34	691.29	568.34	691.29	0	1650	0	0	1	
4480891123	SMP	1	530.88	728.03	530.88	728.03	0	1546	0	0	1	
4480899510	SMP	1	503.41	742.30	503.41	742.30	0	1589	0	0	1	
4480908034	SMP	1	505.04	740.91	505.04	740.91	0	2279	0	0	1	
4480916093	SMP	1	500.61	764.22	500.61	764.22	0	2424	0	0	1	
4480924490	SMP	1	493.95	756.03	493.95	756.03	0	1614	0	0	1	
4480932861	SMP	1	492.22	758.10	492.22	758.10	0	1621	0	0	1	
4480941241	SMP	1	489.82	760.23	489.82	760.23	0	2010	0	0	1	
4480949486	SMP	1	486.95	759.77	486.95	759.77	0	1816	0	0	1	
4480957878	SMP	1	489.85	763.20	489.85	763.20	0	1867	0	0	1	
4480966216	SMP	1	486.28	759.36	486.28	759.36	0	1579	0	0	1	
4480974615	SMP	1	495.25	756.56	495.25	756.56	0	2171	0	0	1	
4480982885	SMP	1	505.79	751.04	505.79	751.04	0	1781	0	0	1	
4480991258	SMP	1	482.56	751.57	482.56	751.57	0	1441	0	0	1	
4480999616	SMP	1	483.46	761.27	483.46	761.27	0	1551	0	0	1	
4481008044	SMP	1	485.86	753.46	485.86	753.46	0	1824	0	0	1	
4481016259	SMP	1	480.95	747.25	480.95	747.25	0	1520	0	0	1	
4481024610	SMP	1	482.63	754.90	482.63	754.90	0	1569	0	0	1	
4481033029	SMP	1	481.81	762.69	481.81	762.69	0	2013	0	0	1	
4481041306	SMP	1	483.08	763.24	483.08	763.24	0	1553	0	0	1	
4481049636	SMP	1	481.73	757.45	481.73	757.45	0	1978	0	0	1	
4481058038	SMP	1	479.96	764.17	479.96	764.17	0	1805	0	0	1	
4481066396	SMP	1	477.88	762.46	477.88	762.46	0	1519	0	0	1	
4481074609	SMP	1	454.53	884.06	454.53	884.06	0	1423	0	0	0	
4481082996	SMP	1	477.43	770.91	477.43	770.91	0	1770	0	0	1	
4481091331	SMP	1	476.50	767.38	476.50	767.38	0	1523	0	0	1	
4481099734	SMP	1	475.80	769.21	475.80	769.21	0	2073	0	0	1	
4481108012	SMP	1	478.74	758.60	478.74	758.60	0	2190	0	0	1	
4481116614	SMP	1	478.17	767.49	478.17	767.49	0	2301	0	0	1	
4481124719	SMP	1	473.27	762.17	473.27	762.17	0	2135	0	0	1	
4481133099	SMP	1	475.59	768.34	475.59	768.34	0	2241	0	0	1	
4481141368	SMP	1	476.63	767.11	476.63	767.11	0	1556	0	0	1	
4481149736	SMP	1	479.93	760.89	479.93	760.89	0	1717	0	0	1	
4481158131	SMP	1	479.24	762.87	479.24	762.87	0	1674	0	0	1	
4481166414	SMP	1	480.14	761.67	480.14	761.67	0	1929	0	0	1	
4481174744	SMP	1	478.11	760.25	478.11	760.25	0	1488	0	0	1	
4481183356	SMP	1	479.47	761.16	479.47	761.16	0	2363	0	0	1	
4481191501	SMP	1	477.05	762.98	477.05	762.98	0	1569	0	0	1	
4481199732	SMP	1	481.39	761.94	481.39	761.94	0	1425	0	0	1	
4481208180	SMP	1	609.37	730.19	609.37	730.19	0	1769	0	0	1	
4481216510	SMP	1	653.95	607.24	653.95	607.24	0	2926	0	0	1	
4481224837	SMP	1	725.48	600.01	725.48	600.01	0	1856	0	0	1	
4481233086	SMP	1	742.68	610.23	742.68	610.23	0	1721	0	0	1	
4481241458	SMP	1	747.90	588.56	747.90	588.56	0	1682	0	0	1	
4481249870	SMP	1	752.82	574.31	752.82	574.31	0	1781	0	0	1	
4481258230	SMP	1	762.46	576.49	762.46	576.49	0	2064	0	0	1	
4481266672	SMP	1	764.97	578.63	764.97	578.63	0	2157	0	0	1	
4481274871	SMP	1	767.15	577.69	767.15	577.69	0	1444	0	0	1	
4481283233	SMP	1	767.98	590.83	767.98	590.83	0	2965	0	0	1	
4481291507	SMP	1	772.95	567.02	772.95	567.02	0	1865	0	0	1	
4481299856	SMP	1	775.32	580.88	775.32	580.88	0	1472	0	0	1	
4481308247	SMP	1	773.92	573.31	773.92	573.31	0	1509	0	0	1	
4481316618	SMP	1	773.61	576.42	773.61	576.42	0	1910	0	0	1	
4481324812	SMP	1	779.04	528.34	779.04	528.34	0	1364	0	0	1	
4481333223	SMP	1	778.25	581.35	778.25	581.35	0	1622	0	0	1	
4481341973	SMP	1	778.52	580.88	778.52	580.88	0	2247	0	0	1	
4481350005	SMP	1	788.45	548.14	788.45	548.14	0	1632	0	0	1	
4481358206	SMP	1	780.52	550.17	780.52	550.17	0	1462	0	0	1	
4481366668	SMP	1	780.75	555.47	780.75	555.47	0	1678	0	0	1	
4481374992	SMP	1	781.23	560.24	781.23	560.24	0	1670	0	0	1	
4481383385	SMP	1	776.90	510.82	776.90	510.82	0	1611	0	0	1	
4481391612	SMP	1	783.50	460.09	783.50	460.09	0	1884	0	0	1	
4481399991	SMP	1	785.43	524.85	785.43	524.85	0	1289	0	0	1	
4481408311	SMP	1	783.72	510.13	783.72	510.13	0	1452	0	0	1	
4481416791	SMP	1	789.14	449.81	789.14	449.81	0	2064	0	0	1	
4481425035	SMP	1	784.22	562.38	784.22	562.38	0	2357	0	0	1	
4481433368	SMP	1	788.40	550.51	788.40	550.51	0	1722	0	0	1	
4481441749	SMP	1	783.63	553.03	783.63	553.03	0	1457	0	0	1	
4481450020	SMP	1	784.46	530.60	784.46	530.60	0	1566	0	0	1	
4481458336	SMP	1	786.56	560.87	786.56	560.87	0	1660	0	0	1	
4481466692	SMP	1	789.94	531.44	789.94	531.44	0	1522	0	0	1	
4481475109	SMP	1	787.39	535.73	787.39	535.73	0	1371	0	0	1	
4481483614	SMP	1	787.69	532.40	787.69	532.40	0	2182	0	0	1	
4481491757	SMP	1	786.36	533.63	786.36	533.63	0	1429	0	0	1	
4481500165	SMP	1	786.82	543.80	786.82	543.80	0	2141	0	0	1	
4481508501	SMP	1	784.05	556.47	784.05	556.47	0	1626	0	0	1	
4514894625	MSG	1	# Message: elmo1.jpg
4514900884	SMP	1	0.00	-0.13	0.00	-0.13	0	2256	0	0	1	
4514909139	SMP	1	736.66	-66.26	736.66	-66.26	0	1985	0	0	1	
4514917578	SMP	1	654.21	-0.22	654.21	-0.22	0	2308	0	0	1	
4514925781	SMP	1	549.10	13.91	549.10	13.91	0	2196	0	0	1	
4514934135	SMP	1	418.05	62.32	418.05	62.32	0	1612	0	0	1	
4514942494	SMP	1	320.11	181.78	320.11	181.78	0	1848	0	0	1	
4514950749	SMP	1	250.61	184.41	250.61	184.41	0	1652	0	0	1	
4514959151	SMP	1	229.18	189.79	229.18	189.79	0	1516	0	0	1	
4514967541	SMP	1	232.42	182.47	232.42	182.47	0	1864	0	0	1	
4514975917	SMP	1	197.65	189.40	197.65	189.40	0	1997	0	0	1	
4514984173	SMP	1	215.74	179.71	215.74	179.71	0	1563	0	0	1	
4514992504	SMP	1	211.80	168.16	211.80	168.16	0	2006	0	0	1	
4515000906	SMP	1	200.44	160.55	200.44	160.55	0	2022	0	0	1	
4515009253	SMP	1	203.03	185.97	203.03	185.97	0	2015	0	0	1	
4515017568	SMP	1	215.90	179.60	215.90	179.60	0	1945	0	0	1	
4515025891	SMP	1	206.66	174.31	206.66	174.31	0	1524	0	0	1	
4515034275	SMP	1	203.07	186.43	203.07	186.43	0	1520	0	0	1	
4515042629	SMP	1	202.83	183.88	202.83	183.88	0	1570	0	0	1	
4515050911	SMP	1	202.28	186.92	202.28	186.92	0	1964	0	0	1	
4515059286	SMP	1	201.68	195.17	201.68	195.17	0	1603	0	0	1	
4515067660	SMP	1	207.34	186.48	207.34	186.48	0	1752	0	0	1	
4515075832	SMP	1	205.95	188.20	205.95	188.20	0	2038	0	0	1	
4515084311	SMP	1	206.31	190.64	206.31	190.64	0	2285	0	0	1	
4515092664	SMP	1	211.24	197.65	211.24	197.65	0	1764	0	0	1	
4515101035	SMP	1	212.89	191.68	212.89	191.68	0	1557	0	0	1	
4515109253	SMP	1	214.43	195.82	214.43	195.82	0	1478	0	0	1	
4515117826	SMP	1	211.20	199.78	211.20	199.78	0	1610	0	0	1	
4515126020	SMP	1	213.76	205.31	213.76	205.31	0	1504	0	0	1	
4515134389	SMP	1	212.29	203.74	212.29	203.74	0	1805	0	0	1	
4515142651	SMP	1	213.48	197.00	213.48	197.00	0	1701	0	0	1	
4515151028	SMP	1	216.29	198.15	216.29	198.15	0	1546	0	0	1	
4515159406	SMP	1	220.92	203.51	220.92	203.51	0	1615	0	0	1	
4515167800	SMP	1	220.23	209.51	220.23	209.51	0	2478	0	0	1	
4515176028	SMP	1	226.02	207.17	226.02	207.17	0	1537	0	0	1	
4515184410	SMP	1	223.19	206.88	223.19	206.88	0	1539	0	0	1	
4515192765	SMP	1	226.62	255.63	226.62	255.63	0	1547	0	0	1	
4515201007	SMP	1	219.78	431.80	219.78	431.80	0	1464	0	0	1	
4515209372	SMP	1	216.49	613.56	216.49	613.56	0	1411	0	0	1	
4515217775	SMP	1	214.25	751.09	214.25	751.09	0	1918	0	0	1	
4515226106	SMP	1	215.62	876.83	215.62	876.83	0	1747	0	0	1	
4515234394	SMP	1	213.93	867.46	213.93	867.46	0	1492	0	0	1	
4515242741	SMP	1	207.94	872.04	207.94	872.04	0	1973	0	0	1	
4515251168	SMP	1	206.26	877.98	206.26	877.98	0	1667	0	0	1	
4515259556	SMP	1	207.39	885.37	207.39	885.37	0	1653	0	0	1	
4515267758	SMP	1	202.09	884.87	202.09	884.87	0	1699	0	0	1	
4515276085	SMP	1	198.59	884.44	198.59	884.44	0	1756	0	0	1	
4515284506	SMP	1	200.66	894.93	200.66	894.93	0	1474	0	0	1	
4515292898	SMP	1	197.59	895.29	197.59	895.29	0	2619	0	0	1	
4515301168	SMP	1	197.77	898.13	197.77	898.13	0	1588	0	0	1	
4515309517	SMP	1	202.96	898.30	202.96	898.30	0	1497	0	0	1	
4515317841	SMP	1	194.92	897.96	194.92	897.96	0	1632	0	0	1	
4515326264	SMP	1	191.62	904.99	191.62	904.99	0	2272	0	0	1	
4515334509	SMP	1	194.79	888.58	194.79	888.58	0	1508	0	0	1	
4515342881	SMP	1	193.42	901.14	193.42	901.14	0	1606	0	0	1	
4515351268	SMP	1	184.72	908.60	184.72	908.60	0	1587	0	0	1	
4515359489	SMP	1	192.77	886.73	192.77	886.73	0	1648	0	0	1	
4515367854	SMP	1	192.55	890.23	192.55	890.23	0	1788	0	0	1	
4515376285	SMP	1	181.65	881.45	181.65	881.45	0	1764	0	0	1	
4515384652	SMP	1	181.35	892.28	181.35	892.28	0	1731	0	0	1	
4515392910	SMP	1	200.25	884.36	200.25	884.36	0	1741	0	0	1	
4515401267	SMP	1	201.42	901.15	201.42	901.15	0	1764	0	0	1	
4515409748	SMP	1	202.12	900.76	202.12	900.76	0	1624	0	0	1	
4515418023	SMP	1	200.31	901.08	200.31	901.08	0	1806	0	0	1	
4515426251	SMP	1	205.81	909.78	205.81	909.78	0	1756	0	0	1	
4515434638	SMP	1	203.02	901.63	203.02	901.63	0	1634	0	0	1	
4515442986	SMP	1	237.93	888.00	237.93	888.00	0	1746	0	0	1	
4515451532	SMP	1	285.14	928.07	285.14	928.07	0	2338	0	0	1	
4515459618	SMP	1	296.95	957.67	296.95	957.67	0	2006	0	0	1	
4515468004	SMP	1	310.01	975.07	310.01	975.07	0	2242	0	0	1	
4515476389	SMP	1	315.86	988.74	315.86	988.74	0	1827	0	0	1	
4515484626	SMP	1	327.30	994.68	327.30	994.68	0	2815	0	0	1	
4515493024	SMP	1	321.62	989.88	321.62	989.88	0	1726	0	0	1	
4515501390	SMP	1	322.97	990.34	322.97	990.34	0	2030	0	0	1	
4515509762	SMP	1	317.46	996.29	317.46	996.29	0	1504	0	0	1	
4515518082	SMP	1	318.23	1005.19	318.23	1005.19	0	1614	0	0	1	
4515526372	SMP	1	319.91	1013.97	319.91	1013.97	0	1592	0	0	1	
4515534755	SMP	1	311.93	1019.79	311.93	1019.79	0	2211	0	0	1	
4515543143	SMP	1	308.97	1010.66	308.97	1010.66	0	1948	0	0	1	
4515551398	SMP	1	308.58	1009.17	308.58	1009.17	0	1615	0	0	1	
4515559756	SMP	1	314.39	1011.45	314.39	1011.45	0	1586	0	0	1	
4515568163	SMP	1	298.19	1008.32	298.19	1008.32	0	1776	0	0	1	
4515576540	SMP	1	298.11	1016.06	298.11	1016.06	0	1940	0	0	1	
4515584762	SMP	1	298.41	1018.75	298.41	1018.75	0	1868	0	0	1	
4515593142	SMP	1	294.89	1019.37	294.89	1019.37	0	1652	0	0	1	
4515601483	SMP	1	295.05	1024.78	295.05	1024.78	0	1714	0	0	1	
4515609844	SMP	1	291.61	1023.49	291.61	1023.49	0	1490	0	0	1	
4515618160	SMP	1	294.14	1017.42	294.14	1017.42	0	1761	0	0	1	
4515626506	SMP	1	301.13	1012.27	301.13	1012.27	0	1795	0	0	1	
4515634870	SMP	1	314.17	1022.47	314.17	1022.47	0	1443	0	0	1	
4515643099	SMP	1	302.39	1015.48	302.39	1015.48	0	2128	0	0	1	
4515651534	SMP	1	303.57	1020.22	303.57	1020.22	0	1865	0	0	1	
4515659845	SMP	1	325.47	1009.43	325.47	1009.43	0	1813	0	0	1	
4515668249	SMP	1	322.86	1014.48	322.86	1014.48	0	1971	0	0	1	
4515676541	SMP	1	329.66	1020.85	329.66	1020.85	0	1796	0	0	1	
4515684826	SMP	1	471.48	964.71	471.48	964.71	0	1422	0	0	1	
4515693261	SMP	1	618.43	1064.01	618.43	1064.01	0	2424	0	0	1	
4515701655	SMP	1	718.86	1096.54	718.86	1096.54	0	1571	0	0	1	
4515709885	SMP	1	829.41	1101.54	829.41	1101.54	0	1550	0	0	1	
4515718209	SMP	1	879.45	1097.13	879.45	1097.13	0	1707	0	0	1	
4515726626	SMP	1	876.74	1096.61	876.74	1096.61	0	1739	0	0	1	
4515735033	SMP	1	849.96	1098.01	849.96	1098.01	0	1728	0	0	1	
4515743268	SMP	1	863.43	1113.84	863.43	1113.84	0	1755	0	0	1	
4515751649	SMP	1	862.59	1113.02	862.59	1113.02	0	1643	0	0	1	
4515760005	SMP	1	855.15	1111.00	855.15	1111.00	0	1622	0	0	1	
4515768271	SMP	1	870.53	1111.97	870.53	1111.97	0	1900	0	0	1	
4515776688	SMP	1	867.59	1106.72	867.59	1106.72	0	1828	0	0	1	
4515785055	SMP	1	863.12	1113.14	863.12	1113.14	0	1527	0	0	1	
4515793379	SMP	1	856.12	1111.39	856.12	1111.39	0	1674	0	0	1	
4515801647	SMP	1	859.06	1114.39	859.06	1114.39	0	1614	0	0	1	
4515810012	SMP	1	864.90	1115.11	864.90	1115.11	0	1750	0	0	1	
4515818386	SMP	1	864.97	1110.84	864.97	1110.84	0	1817	0	0	1	
4515826701	SMP	1	865.28	1113.45	865.28	1113.45	0	1624	0	0	1	
4515834990	SMP	1	873.29	1114.76	873.29	1114.76	0	1541	0	0	1	
4515843367	SMP	1	867.93	1112.29	867.93	1112.29	0	1675	0	0	1	
4515851758	SMP	1	869.19	1110.65	869.19	1110.65	0	2254	0	0	1	
4515860155	SMP	1	871.97	1110.36	871.97	1110.36	0	1673	0	0	1	
4515868409	SMP	1	869.61	1112.91	869.61	1112.91	0	1782	0	0	1	
4515876732	SMP	1	873.77	1114.32	873.77	1114.32	0	1797	0	0	1	
4515885141	SMP	1	872.20	1108.77	872.20	1108.77	0	2095	0	0	1	
4515893353	SMP	1	868.43	1111.87	868.43	1111.87	0	1952	0	0	1	
4515901858	SMP	1	779.69	1122.37	779.69	1122.37	0	1550	0	0	1	
4515910121	SMP	1	0.00	0.00	0.00	0.00	0	1472	0	0	1	
4515918445	SMP	1	479.19	1131.20	479.19	1131.20	0	1586	0	0	1	
4515926720	SMP	1	342.19	1128.61	342.19	1128.61	0	1597	0	0	1	
4515935112	SMP	1	347.83	1126.64	347.83	1126.64	0	1686	0	0	1	
4515943521	SMP	1	329.21	1136.92	329.21	1136.92	0	1758	0	0	1	
4515951874	SMP	1	329.77	1135.32	329.77	1135.32	0	1471	0	0	1	
4515960119	SMP	1	323.45	1139.06	323.45	1139.06	0	1511	0	0	1	
4515968503	SMP	1	0.00	0.00	0.00	0.00	0	1862	0	0	1	
4515976886	SMP	1	333.37	1141.73	333.37	1141.73	0	1883	0	0	1	
4515985247	SMP	1	0.00	0.00	0.00	0.00	0	1481	0	0	1	
4515993500	SMP	1	340.34	1141.53	340.34	1141.53	0	1627	0	0	1	
4516001865	SMP	1	343.24	1142.09	343.24	1142.09	0	1676	0	0	1	
4516010232	SMP	1	340.77	1142.16	340.77	1142.16	0	1682	0	0	1	
4516018534	SMP	1	345.44	1143.35	345.44	1143.35	0	1775	0	0	1	
4516026876	SMP	1	346.75	1143.52	346.75	1143.52	0	1708	0	0	1	
4516035246	SMP	1	344.84	1140.61	344.84	1140.61	0	1564	0	0	1	
4516043588	SMP	1	348.29	1140.50	348.29	1140.50	0	2684	0	0	1	
4516051906	SMP	1	344.17	1137.97	344.17	1137.97	0	1604	0	0	1	
4516060260	SMP	1	339.56	1138.28	339.56	1138.28	0	1689	0	0	1	
4516068655	SMP	1	342.30	1136.78	342.30	1136.78	0	2114	0	0	1	
4516077009	SMP	1	345.93	1140.11	345.93	1140.11	0	1974	0	0	1	
4516085242	SMP	1	342.50	1137.50	342.50	1137.50	0	1535	0	0	1	
4516093646	SMP	1	333.72	1140.82	333.72	1140.82	0	2371	0	0	1	
4516102026	SMP	1	329.14	1141.29	329.14	1141.29	0	1598	0	0	1	
4516110379	SMP	1	0.00	0.00	0.00	0.00	0	1531	0	0	1	
4516118595	SMP	1	332.02	1140.48	332.02	1140.48	0	1608	0	0	1	
4516126984	SMP	1	330.59	1144.00	330.59	1144.00	0	1649	0	0	1	
4516135369	SMP	1	329.21	1135.12	329.21	1135.12	0	1525	0	0	1	
4516143760	SMP	1	334.14	1143.69	334.14	1143.69	0	1736	0	0	1	
4516151957	SMP	1	333.42	1143.64	333.42	1143.64	0	1986	0	0	1	
4516160343	SMP	1	334.92	1147.37	334.92	1147.37	0	2272	0	0	1	
4516168797	SMP	1	331.04	1144.23	331.04	1144.23	0	1837	0	0	1	
4516177022	SMP	1	331.28	1147.57	331.28	1147.57	0	2057	0	0	1	
4516185401	SMP	1	331.76	1144.76	331.76	1144.76	0	1676	0	0	1	
4516193744	SMP	1	332.82	1144.91	332.82	1144.91	0	1648	0	0	1	
4516202120	SMP	1	335.22	1144.76	335.22	1144.76	0	1525	0	0	1	
4516210470	SMP	1	336.54	1138.41	336.54	1138.41	0	1618	0	0	1	
4516218775	SMP	1	0.00	0.00	0.00	0.00	0	1766	0	0	1	
4516227125	SMP	1	332.11	1144.64	332.11	1144.64	0	1605	0	0	1	
4516235510	SMP	1	332.71	1145.49	332.71	1145.49	0	1569	0	0	1	
4516243738	SMP	1	337.62	1143.74	337.62	1143.74	0	1639	0	0	1	
4516252193	SMP	1	344.98	1142.79	344.98	1142.79	0	2211	0	0	1	
4516260511	SMP	1	347.33	1142.33	347.33	1142.33	0	1574	0	0	1	
4516268925	SMP	1	350.86	1140.11	350.86	1140.11	0	1781	0	0	1	
4516277105	SMP	1	357.70	1142.72	357.70	1142.72	0	1625	0	0	1	
4516285503	SMP	1	362.48	1144.09	362.48	1144.09	0	2141	0	0	1	
4516293853	SMP	1	360.39	1142.54	360.39	1142.54	0	1740	0	0	1	
4516302225	SMP	1	0.00	0.00	0.00	0.00	0	1597	0	0	1	
4516310495	SMP	1	0.00	0.00	0.00	0.00	0	1495	0	0	1	
4516318819	SMP	1	0.00	0.00	0.00	0.00	0	1592	0	0	1	
4516327246	SMP	1	0.00	0.00	0.00	0.00	0	1555	0	0	1	
4516335517	SMP	1	0.00	0.00	0.00	0.00	0	1654	0	0	1	
4516343878	SMP	1	0.00	0.00	0.00	0.00	0	1688	0	0	1	
4516352255	SMP	1	368.25	1145.20	368.25	1145.20	0	1580	0	0	1	
4516360624	SMP	1	0.00	0.00	0.00	0.00	0	1503	0	0	1	
4516368954	SMP	1	363.84	1147.78	363.84	1147.78	0	1792	0	0	1	
4516377225	SMP	1	0.00	0.00	0.00	0.00	0	1922	0	0	1	
4516385614	SMP	1	358.15	1134.00	358.15	1134.00	0	1477	0	0	1	
4516393973	SMP	1	383.16	1140.44	383.16	1140.44	0	1724	0	0	1	
4516397943	MSG	1	# Message: blank.jpg
4516402248	SMP	1	374.68	1138.17	374.68	1138.17	0	2191	0	0	1	
4516410618	SMP	1	388.54	1132.35	388.54	1132.35	0	2279	0	0	1	
4516419011	SMP	1	0.00	0.00	0.00	0.00	0	2366	0	0	1	
4516427386	SMP	1	0.00	0.00	0.00	0.00	0	2432	0	0	1	
4516435664	SMP	1	390.04	1137.26	390.04	1137.26	0	2538	0	0	1	
4516444079	SMP	1	400.23	1139.62	400.23	1139.62	0	2951	0	0	1	
4516452709	SMP	1	399.76	1134.11	399.76	1134.11	0	3181	0	0	1	
4516460744	SMP	1	409.04	1128.97	409.04	1128.97	0	2570	0	0	1	
4516469055	SMP	1	405.33	1132.91	405.33	1132.91	0	2625	0	0	1	
4516477389	SMP	1	405.33	1130.72	405.33	1130.72	0	1797	0	0	1	
4516485750	SMP	1	0.00	0.00	0.00	0.00	0	1462	0	0	1	
4516493982	SMP	1	0.00	0.00	0.00	0.00	0	1883	0	0	1	
4516502483	SMP	1	674.79	1126.31	674.79	1126.31	0	1622	0	0	1	
4516510744	SMP	1	754.56	1127.73	754.56	1127.73	0	1515	0	0	1	
4516519106	SMP	1	860.64	1117.73	860.64	1117.73	0	1765	0	0	1	
4516527398	SMP	1	910.89	1105.28	910.89	1105.28	0	2143	0	0	1	
4516535784	SMP	1	907.60	1111.12	907.60	1111.12	0	1627	0	0	1	
4516544103	SMP	1	905.05	1103.79	905.05	1103.79	0	1638	0	0	1	
4516552509	SMP	1	914.10	1104.98	914.10	1104.98	0	1603	0	0	1	
4516560745	SMP	1	918.29	1103.10	918.29	1103.10	0	1497	0	0	1	
4516569114	SMP	1	919.74	1099.02	919.74	1099.02	0	1680	0	0	1	
4516577532	SMP	1	919.78	1097.79	919.78	1097.79	0	1861	0	0	1	
4516585752	SMP	1	911.64	1098.25	911.64	1098.25	0	1502	0	0	1	
4516594112	SMP	1	911.33	1095.61	911.33	1095.61	0	1662	0	0	1	
4516602509	SMP	1	896.95	1093.51	896.95	1093.51	0	1774	0	0	1	
4516610853	SMP	1	902.66	1091.17	902.66	1091.17	0	1921	0	0	1	
4516619141	SMP	1	901.03	1098.07	901.03	1098.07	0	1952	0	0	1	
4516627541	SMP	1	903.73	1098.06	903.73	1098.06	0	1671	0	0	1	
4516635871	SMP	1	910.82	1113.82	910.82	1113.82	0	1643	0	0	1	
4516644216	SMP	1	909.96	1109.31	909.96	1109.31	0	2068	0	0	1	
4516652767	SMP	1	914.50	1098.13	914.50	1098.13	0	3067	0	0	1	
4516660840	SMP	1	910.70	1103.35	910.70	1103.35	0	1502	0	0	1	
4516669245	SMP	1	930.60	1100.71	930.60	1100.71	0	1699	0	0	1	
4516677642	SMP	1	919.63	1103.06	919.63	1103.06	0	1601	0	0	1	
4516685899	SMP	1	901.45	1076.72	901.45	1076.72	0	2061	0	0	1	
4516694254	SMP	1	895.55	1097.55	895.55	1097.55	0	1638	0	0	1	
4516702608	SMP	1	902.66	1104.20	902.66	1104.20	0	1697	0	0	1	
4516710857	SMP	1	906.30	1106.09	906.30	1106.09	0	1469	0	0	1	
4516719214	SMP	1	908.50	1097.76	908.50	1097.76	0	1772	0	0	1	
4516727636	SMP	1	910.81	1086.96	910.81	1086.96	0	1688	0	0	1	
4516736026	SMP	1	908.53	1084.65	908.53	1084.65	0	1677	0	0	1	
4516744230	SMP	1	910.46	1092.32	910.46	1092.32	0	1648	0	0	1	
4516752660	SMP	1	905.35	1088.90	905.35	1088.90	0	1606	0	0	1	
4516760975	SMP	1	904.99	1089.12	904.99	1089.12	0	1460	0	0	1	
4516769362	SMP	1	904.83	1086.21	904.83	1086.21	0	1815	0	0	1	
4516777676	SMP	1	911.16	1090.05	911.16	1090.05	0	1601	0	0	1	
4516785989	SMP	1	914.43	1091.46	914.43	1091.46	0	1502	0	0	1	
4516794341	SMP	1	919.87	1089.78	919.87	1089.78	0	1763	0	0	1	
4516802758	SMP	1	925.57	1088.23	925.57	1088.23	0	1923	0	0	1	
4516810985	SMP	1	926.41	1084.74	926.41	1084.74	0	1941	0	0	1	
4516819400	SMP	1	934.48	1088.98	934.48	1088.98	0	1802	0	0	1	
4516827695	SMP	1	937.41	1091.34	937.41	1091.34	0	1521	0	0	1	
4516836109	SMP	1	926.82	1093.35	926.82	1093.35	0	1627	0	0	1	
4516844362	SMP	1	929.93	1094.47	929.93	1094.47	0	2889	0	0	1	
4516852773	SMP	1	931.93	1092.04	931.93	1092.04	0	1763	0	0	1	
4516861113	SMP	1	927.27	1094.56	927.27	1094.56	0	1505	0	0	1	
4516869364	SMP	1	924.56	1092.92	924.56	1092.92	0	1677	0	0	1	
4516877713	SMP	1	919.64	1100.28	919.64	1100.28	0	1588	0	0	1	
4516886116	SMP	1	914.40	1103.65	914.40	1103.65	0	1638	0	0	1	
4516894518	SMP	1	928.14	1094.94	928.14	1094.94	0	1899	0	0	1	
4516902766	SMP	1	919.93	1100.45	919.93	1100.45	0	1586	0	0	1	
4516911124	SMP	1	923.97	1105.68	923.97	1105.68	0	1632	0	0	1	
4516919489	SMP	1	924.15	1098.28	924.15	1098.28	0	1745	0	0	1	
4516927839	SMP	1	911.68	1107.25	911.68	1107.25	0	1649	0	0	1	
4516936144	SMP	1	913.91	1106.33	913.91	1106.33	0	1791	0	0	1	
4516944474	SMP	1	907.05	1102.62	907.05	1102.62	0	1634	0	0	1	
4516952818	SMP	1	889.79	1099.20	889.79	1099.20	0	1570	0	0	1	
4516961228	SMP	1	903.31	1096.87	903.31	1096.87	0	1474	0	0	1	
4516969483	SMP	1	908.81	1095.68	908.81	1095.68	0	1685	0	0	1	
4516977833	SMP	1	912.09	1089.33	912.09	1089.33	0	1686	0	0	1	
4516986271	SMP	1	910.40	1090.10	910.40	1090.10	0	1938	0	0	1	
4516994479	SMP	1	912.07	1090.69	912.07	1090.69	0	1811	0	0	1	
4517002895	SMP	1	909.77	1090.98	909.77	1090.98	0	2191	0	0	1	
4517011220	SMP	1	916.84	1100.37	916.84	1100.37	0	1641	0	0	1	
4517019603	SMP	1	919.55	1093.47	919.55	1093.47	0	1830	0	0	1	
4517027811	SMP	1	917.65	1092.31	917.65	1092.31	0	1541	0	0	1	
4517036234	SMP	1	919.53	1093.22	919.53	1093.22	0	1599	0	0	1	
4517044611	SMP	1	916.12	1092.86	916.12	1092.86	0	1605	0	0	1	
4517052996	SMP	1	914.71	1092.89	914.71	1092.89	0	2218	0	0	1	
4517061257	SMP	1	915.65	1097.42	915.65	1097.42	0	1609	0	0	1	
4517069625	SMP	1	915.84	1098.03	915.84	1098.03	0	1687	0	0	1	
4517077980	SMP	1	901.94	1100.80	901.94	1100.80	0	1518	0	0	1	
4517086395	SMP	1	895.05	1100.66	895.05	1100.66	0	2090	0	0	1	
4517094615	SMP	1	901.93	1101.09	901.93	1101.09	0	1665	0	0	1	
4517102989	SMP	1	910.76	1098.76	910.76	1098.76	0	1611	0	0	1	
4517111380	SMP	1	915.33	1098.29	915.33	1098.29	0	1630	0	0	1	
4517119588	SMP	1	913.91	1096.85	913.91	1096.85	0	1735	0	0	1	
4517127990	SMP	1	913.29	1094.03	913.29	1094.03	0	1611	0	0	1	
4517136358	SMP	1	913.25	1089.04	913.25	1089.04	0	2098	0	0	1	
4517144726	SMP	1	899.74	1085.59	899.74	1085.59	0	1833	0	0	1	
4517153006	SMP	1	896.55	1090.34	896.55	1090.34	0	1563	0	0	1	
4517161339	SMP	1	905.22	1085.59	905.22	1085.59	0	1462	0	0	1	
4517169769	SMP	1	915.06	1080.68	915.06	1080.68	0	1931	0	0	1	
4517178126	SMP	1	919.18	1083.18	919.18	1083.18	0	1760	0	0	1	
4517186355	SMP	1	918.55	1077.67	918.55	1077.67	0	1674	0	0	1	
4517194727	SMP	1	918.65	1074.64	918.65	1074.64	0	1783	0	0	1	
4517203099	SMP	1	907.29	1074.93	907.29	1074.93	0	1476	0	0	1	
4517211565	SMP	1	903.79	1074.61	903.79	1074.61	0	2262	0	0	1	
4517219764	SMP	1	909.89	1077.49	909.89	1077.49	0	1814	0	0	1	
4517228128	SMP	1	901.74	1077.30	901.74	1077.30	0	1724	0	0	1	
4517236581	SMP	1	905.20	1081.92	905.20	1081.92	0	1540	0	0	1	
4517244735	SMP	1	906.65	1083.18	906.65	1083.18	0	2550	0	0	1	
4517253136	SMP	1	902.57	1082.50	902.57	1082.50	0	1636	0	0	1	
4517261481	SMP	1	908.71	1084.53	908.71	1084.53	0	1518	0	0	1	
4517269865	SMP	1	907.19	1084.60	907.19	1084.60	0	1669	0	0	1	
4517278076	SMP	1	899.62	1085.51	899.62	1085.51	0	1691	0	0	1	
4517286469	SMP	1	899.91	1085.02	899.91	1085.02	0	1536	0	0	1	
4517294860	SMP	1	901.91	1083.40	901.91	1083.40	0	1880	0	0	1	
4517303242	SMP	1	899.39	1083.15	899.39	1083.15	0	1619	0	0	1	
4517311470	SMP	1	899.85	1082.92	899.85	1082.92	0	1780	0	0	1	
4517319850	SMP	1	901.54	1084.25	901.54	1084.25	0	1625	0	0	1	
4517328264	SMP	1	902.68	1077.40	902.68	1077.40	0	1722	0	0	1	
4517336676	SMP	1	902.85	1081.80	902.85	1081.80	0	1685	0	0	1	
4517344801	SMP	1	906.70	1073.74	906.70	1073.74	0	1781	0	0	1	
4517353245	SMP	1	908.63	1072.77	908.63	1072.77	0	1563	0	0	1	
4517361613	SMP	1	906.58	1070.80	906.58	1070.80	0	1578	0	0	1	
4517369973	SMP	1	910.69	1066.77	910.69	1066.77	0	1827	0	0	1	
4517378260	SMP	1	912.18	1070.83	912.18	1070.83	0	1637	0	0	1	
4517386606	SMP	1	915.01	1069.99	915.01	1069.99	0	1619	0	0	1	
4517394960	SMP	1	911.44	1069.47	911.44	1069.47	0	2075	0	0	1	
4517403245	SMP	1	913.79	1070.76	913.79	1070.76	0	2664	0	0	1	
4517411589	SMP	1	912.60	1070.02	912.60	1070.02	0	1757	0	0	1	
4517420007	SMP	1	889.62	1070.54	889.62	1070.54	0	1707	0	0	1	
4517428367	SMP	1	902.26	1069.50	902.26	1069.50	0	1614	0	0	1	
4517436576	SMP	1	905.61	1068.65	905.61	1068.65	0	1568	0	0	1	
4517444968	SMP	1	882.51	1070.56	882.51	1070.56	0	1639	0	0	1	
4517453388	SMP	1	880.00	1070.29	880.00	1070.29	0	2358	0	0	1	
4517461745	SMP	1	822.56	972.59	822.56	972.59	0	1547	0	0	1	
4517469982	SMP	1	790.64	879.68	790.64	879.68	0	1672	0	0	1	
4517478371	SMP	1	713.88	804.68	713.88	804.68	0	1591	0	0	1	
4517486724	SMP	1	628.43	867.49	628.43	867.49	0	2120	0	0	1	
4517495109	SMP	1	619.08	735.69	619.08	735.69	0	1752	0	0	1	
4517503362	SMP	1	626.80	745.27	626.80	745.27	0	1572	0	0	1	
4517511721	SMP	1	628.24	742.85	628.24	742.85	0	1470	0	0	1	
4517520113	SMP	1	622.39	737.85	622.39	737.85	0	1732	0	0	1	
4517528320	SMP	1	621.25	734.11	621.25	734.11	0	1689	0	0	1	
4517536724	SMP	1	625.95	740.14	625.95	740.14	0	1905	0	0	1	
4517545098	SMP	1	630.31	734.83	630.31	734.83	0	1642	0	0	1	
4517553489	SMP	1	619.50	751.55	619.50	751.55	0	1587	0	0	1	
4517561735	SMP	1	619.76	756.69	619.76	756.69	0	1538	0	0	1	
4517570137	SMP	1	615.94	768.09	615.94	768.09	0	1796	0	0	1	
4517578493	SMP	1	623.21	759.78	623.21	759.78	0	1609	0	0	1	
4517586839	SMP	1	623.38	767.93	623.38	767.93	0	1487	0	0	1	
4517595100	SMP	1	626.11	757.30	626.11	757.30	0	1932	0	0	1	
4517603495	SMP	1	628.64	749.77	628.64	749.77	0	1568	0	0	1	
4517611833	SMP	1	632.82	726.89	632.82	726.89	0	2160	0	0	1	
4517620259	SMP	1	630.11	749.43	630.11	749.43	0	1765	0	0	1	
4517628521	SMP	1	618.09	751.80	618.09	751.80	0	1723	0	0	1	
4517636837	SMP	1	616.93	762.10	616.93	762.10	0	1746	0	0	1	
4517645240	SMP	1	622.48	756.56	622.48	756.56	0	2557	0	0	1	
4517653596	SMP	1	618.27	753.91	618.27	753.91	0	1581	0	0	1	
4517661849	SMP	1	620.46	754.44	620.46	754.44	0	1510	0	0	1	
4517670220	SMP	1	619.23	751.68	619.23	751.68	0	1596	0	0	1	
4517678618	SMP	1	623.65	753.21	623.65	753.21	0	1587	0	0	1	
4517686852	SMP	1	635.30	739.54	635.30	739.54	0	1519	0	0	1	
4517695230	SMP	1	594.79	735.36	594.79	735.36	0	1808	0	0	1	
4517703569	SMP	1	440.88	661.66	440.88	661.66	0	1463	0	0	1	
4517711967	SMP	1	314.80	591.02	314.80	591.02	0	1539	0	0	1	
4517720233	SMP	1	265.15	456.70	265.15	456.70	0	1675	0	0	1	
4517728627	SMP	1	167.95	367.76	167.95	367.76	0	1603	0	0	1	
4517737000	SMP	1	82.31	268.39	82.31	268.39	0	1922	0	0	1	
4517745345	SMP	1	84.90	163.90	84.90	163.90	0	1628	0	0	1	
4517753611	SMP	1	94.60	187.73	94.60	187.73	0	1480	0	0	1	
4517761966	SMP	1	72.44	183.14	72.44	183.14	0	1415	0	0	1	
4517770345	SMP	1	78.02	176.80	78.02	176.80	0	1855	0	0	1	
4517778740	SMP	1	74.56	174.45	74.56	174.45	0	1574	0	0	1	
4517786959	SMP	1	73.90	183.65	73.90	183.65	0	1576	0	0	1	
4517795317	SMP	1	79.82	194.46	79.82	194.46	0	1682	0	0	1	
4517803728	SMP	1	64.53	189.25	64.53	189.25	0	2208	0	0	1	
4517811970	SMP	1	76.26	180.76	76.26	180.76	0	1554	0	0	1	
4517820403	SMP	1	82.66	183.07	82.66	183.07	0	1818	0	0	1	
4517828740	SMP	1	77.27	183.43	77.27	183.43	0	1498	0	0	1	
4517837093	SMP	1	74.09	185.64	74.09	185.64	0	1648	0	0	1	
4517845346	SMP	1	45.25	181.92	45.25	181.92	0	1594	0	0	1	
4517853717	SMP	1	77.33	183.31	77.33	183.31	0	2064	0	0	1	
4517862125	SMP	1	80.88	185.42	80.88	185.42	0	1556	0	0	1	
4517870534	SMP	1	92.61	191.02	92.61	191.02	0	1536	0	0	1	
4517878804	SMP	1	83.77	190.50	83.77	190.50	0	1521	0	0	1	
4517887144	SMP	1	84.35	190.03	84.35	190.03	0	1826	0	0	1	
4517895483	SMP	1	90.95	195.29	90.95	195.29	0	1654	0	0	1	
4517903813	SMP	1	97.36	200.19	97.36	200.19	0	1491	0	0	1	
4517912090	SMP	1	92.11	196.41	92.11	196.41	0	1434	0	0	1	
4517920418	SMP	1	94.58	201.55	94.58	201.55	0	1917	0	0	1	
4517928819	SMP	1	100.56	186.34	100.56	186.34	0	1547	0	0	1	
4517937137	SMP	1	103.92	171.34	103.92	171.34	0	1589	0	0	1	
4517945467	SMP	1	105.72	197.31	105.72	197.31	0	1576	0	0	1	
4517948641	MSG	1	# Message: elmo2.jpg
4517953842	SMP	1	12.24	170.16	12.24	170.16	0	2097	0	0	1	
4517962245	SMP	1	102.25	185.69	102.25	185.69	0	1688	0	0	1	
4517970507	SMP	1	53.77	87.43	53.77	87.43	0	1726	0	0	1	
4517978901	SMP	1	91.84	49.46	91.84	49.46	0	2100	0	0	1	
4517987212	SMP	1	2.91	-11.66	2.91	-11.66	0	1902	0	0	1	
4517995639	SMP	1	83.99	-38.48	83.99	-38.48	0	1693	0	0	1	
4518003885	SMP	1	61.63	-31.72	61.63	-31.72	0	1595	0	0	1	
4518012301	SMP	1	55.70	-38.34	55.70	-38.34	0	2194	0	0	1	
4518020598	SMP	1	72.28	-44.39	72.28	-44.39	0	1887	0	0	1	
4518028944	SMP	1	54.30	-39.56	54.30	-39.56	0	1877	0	0	1	
4518037208	SMP	1	61.89	-36.00	61.89	-36.00	0	1472	0	0	1	
4518045625	SMP	1	63.57	-28.89	63.57	-28.89	0	2508	0	0	1	
4518054007	SMP	1	55.74	-31.33	55.74	-31.33	0	1566	0	0	1	
4518062353	SMP	1	56.17	-30.37	56.17	-30.37	0	1537	0	0	1	
4518070594	SMP	1	52.43	-34.47	52.43	-34.47	0	1587	0	0	1	
4518078968	SMP	1	65.43	-36.09	65.43	-36.09	0	1490	0	0	1	
4518087307	SMP	1	57.10	-39.84	57.10	-39.84	0	1715	0	0	1	
4518095596	SMP	1	53.49	-33.22	53.49	-33.22	0	1888	0	0	1	
4518103961	SMP	1	57.43	-12.85	57.43	-12.85	0	1606	0	0	1	
4518112312	SMP	1	43.54	-28.14	43.54	-28.14	0	1780	0	0	1	
4518120733	SMP	1	56.09	-23.55	56.09	-23.55	0	1671	0	0	1	
4518129013	SMP	1	50.62	-35.25	50.62	-35.25	0	2161	0	0	1	
4518137387	SMP	1	63.80	-28.68	63.80	-28.68	0	1759	0	0	1	
4518145721	SMP	1	64.92	-29.36	64.92	-29.36	0	1705	0	0	1	
4518154089	SMP	1	58.67	-29.54	58.67	-29.54	0	1623	0	0	1	
4518162337	SMP	1	58.36	-34.57	58.36	-34.57	0	1486	0	0	1	
4518170693	SMP	1	60.58	-26.64	60.58	-26.64	0	2096	0	0	1	
4518179112	SMP	1	237.16	-27.39	237.16	-27.39	0	1644	0	0	1	
4518187584	SMP	1	422.82	-28.44	422.82	-28.44	0	1631	0	0	1	
4518195699	SMP	1	498.53	-31.07	498.53	-31.07	0	1623	0	0	1	
4518204094	SMP	1	686.39	-35.22	686.39	-35.22	0	2436	0	0	1	
4518212485	SMP	1	769.50	-33.47	769.50	-33.47	0	1878	0	0	1	
4518220742	SMP	1	785.59	-56.32	785.59	-56.32	0	1670	0	0	1	
4518229106	SMP	1	852.61	-50.46	852.61	-50.46	0	1528	0	0	1	
4518237563	SMP	1	867.21	-60.22	867.21	-60.22	0	1446	0	0	1	
4518245852	SMP	1	820.23	-81.64	820.23	-81.64	0	1577	0	0	1	
4518254106	SMP	1	839.71	-63.03	839.71	-63.03	0	2038	0	0	1	
4518262495	SMP	1	848.80	-68.11	848.80	-68.11	0	1540	0	0	1	
4518270847	SMP	1	861.80	-56.86	861.80	-56.86	0	1573	0	0	1	
4518279217	SMP	1	831.34	-64.85	831.34	-64.85	0	1813	0	0	1	
4518287602	SMP	1	844.57	-60.02	844.57	-60.02	0	1593	0	0	1	
4518295864	SMP	1	842.31	-68.44	842.31	-68.44	0	1833	0	0	1	
4518304237	SMP	1	845.30	-65.44	845.30	-65.44	0	1529	0	0	1	
4518312591	SMP	1	832.86	-73.04	832.86	-73.04	0	1451	0	0	1	
4518320861	SMP	1	828.33	-73.37	828.33	-73.37	0	1600	0	0	1	
4518329197	SMP	1	824.79	-75.11	824.79	-75.11	0	1613	0	0	1	
4518337638	SMP	1	826.50	-63.82	826.50	-63.82	0	2040	0	0	1	
4518345865	SMP	1	835.51	-73.52	835.51	-73.52	0	1863	0	0	1	
4518354213	SMP	1	833.02	-63.04	833.02	-63.04	0	1416	0	0	1	
4518362596	SMP	1	836.51	-67.14	836.51	-67.14	0	2076	0	0	1	
4518370994	SMP	1	0.00	-28.37	0.00	-28.37	0	1920	0	0	1	
4518379242	SMP	1	0.00	-16.46	0.00	-16.46	0	1713	0	0	1	
4518387601	SMP	1	811.72	-83.34	811.72	-83.34	0	1442	0	0	1	
4518395927	SMP	1	803.30	-78.62	803.30	-78.62	0	1715	0	0	1	
4518404344	SMP	1	817.99	-69.15	817.99	-69.15	0	1443	0	0	1	
4518412619	SMP	1	827.29	-71.86	827.29	-71.86	0	2367	0	0	1	
4518420991	SMP	1	835.41	-47.28	835.41	-47.28	0	1660	0	0	1	
4518429326	SMP	1	843.54	-62.20	843.54	-62.20	0	1554	0	0	1	
4518437689	SMP	1	834.49	-69.89	834.49	-69.89	0	1404	0	0	1	
4518445988	SMP	1	844.51	-64.97	844.51	-64.97	0	2163	0	0	1	
4518454375	SMP	1	832.60	-66.40	832.60	-66.40	0	1515	0	0	1	
4518462717	SMP	1	817.59	-46.31	817.59	-46.31	0	1439	0	0	1	
4518470974	SMP	1	827.47	-58.61	827.47	-58.61	0	1574	0	0	1	
4518479354	SMP	1	824.28	-57.27	824.28	-57.27	0	1932	0	0	1	
4518487720	SMP	1	0.00	-29.04	0.00	-29.04	0	1822	0	0	1	
4518496081	SMP	1	0.00	-20.77	0.00	-20.77	0	2211	0	0	1	
4518504334	SMP	1	773.14	-73.23	773.14	-73.23	0	2118	0	0	1	
4518512707	SMP	1	725.72	-82.20	725.72	-82.20	0	2031	0	0	1	
4518521087	SMP	1	739.87	-83.59	739.87	-83.59	0	2081	0	0	1	
4518529458	SMP	1	0.00	-12.16	0.00	-12.16	0	2038	0	0	1	
4518537706	SMP	1	740.67	-78.19	740.67	-78.19	0	1558	0	0	1	
4518546114	SMP	1	728.51	-86.93	728.51	-86.93	0	1753	0	0	1	
4518554481	SMP	1	0.00	-5.79	0.00	-5.79	0	1529	0	0	1	
4518562842	SMP	1	724.18	-89.55	724.18	-89.55	0	1457	0	0	1	
4518571078	SMP	1	733.57	-90.87	733.57	-90.87	0	2296	0	0	1	
4518579481	SMP	1	736.21	-89.75	736.21	-89.75	0	1581	0	0	1	
4518587843	SMP	1	737.83	-92.23	737.83	-92.23	0	1451	0	0	1	
4518596209	SMP	1	0.00	-2.72	0.00	-2.72	0	1660	0	0	1	
4518604507	SMP	1	739.61	-91.59	739.61	-91.59	0	2398	0	0	1	
4518612840	SMP	1	746.93	-92.49	746.93	-92.49	0	1568	0	0	1	
4518621240	SMP	1	0.00	-2.50	0.00	-2.50	0	1748	0	0	1	
4518629474	SMP	1	0.00	-1.41	0.00	-1.41	0	1562	0	0	1	
4518637814	SMP	1	0.00	-0.96	0.00	-0.96	0	1595	0	0	1	
4518646200	SMP	1	754.26	-88.02	754.26	-88.02	0	1786	0	0	1	
4518654602	SMP	1	0.00	-1.26	0.00	-1.26	0	1999	0	0	1	
4518662837	SMP	1	0.00	-0.86	0.00	-0.86	0	1444	0	0	1	
4518671214	SMP	1	0.00	-0.54	0.00	-0.54	0	1657	0	0	1	
4518679592	SMP	1	0.00	-0.43	0.00	-0.43	0	1522	0	0	1	
4518687962	SMP	1	0.00	-0.41	0.00	-0.41	0	1657	0	0	1	
4518696204	SMP	1	0.00	-0.33	0.00	-0.33	0	1618	0	0	1	
4518704607	SMP	1	744.49	-81.19	744.49	-81.19	0	1544	0	0	1	
4518712893	SMP	1	756.25	-88.91	756.25	-88.91	0	1499	0	0	1	
4518721307	SMP	1	747.48	-80.17	747.48	-80.17	0	1678	0	0	1	
4518729574	SMP	1	760.71	-88.10	760.71	-88.10	0	1485	0	0	1	
4518737994	SMP	1	724.93	-91.24	724.93	-91.24	0	1627	0	0	1	
4518746327	SMP	1	0.00	-0.98	0.00	-0.98	0	1942	0	0	1	
4518754609	SMP	1	750.68	-93.62	750.68	-93.62	0	1553	0	0	1	
4518762955	SMP	1	739.26	-87.30	739.26	-87.30	0	2214	0	0	1	
4518771368	SMP	1	735.40	-93.55	735.40	-93.55	0	1764	0	0	1	
4518779700	SMP	1	732.21	-81.84	732.21	-81.84	0	1470	0	0	1	
4518787965	SMP	1	0.00	-7.03	0.00	-7.03	0	1459	0	0	1	
4518796291	SMP	1	750.27	-82.95	750.27	-82.95	0	1785	0	0	1	
4518804731	SMP	1	731.76	-82.64	731.76	-82.64	0	1498	0	0	1	
4518813110	SMP	1	740.41	-74.04	740.41	-74.04	0	2165	0	0	1	
4518821367	SMP	1	724.70	-86.78	724.70	-86.78	0	1726	0	0	1	
4518829725	SMP	1	737.73	-72.09	737.73	-72.09	0	1553	0	0	1	
4518838111	SMP	1	740.14	-71.80	740.14	-71.80	0	1612	0	0	1	
4518846464	SMP	1	751.62	-70.29	751.62	-70.29	0	2268	0	0	1	
4518854735	SMP	1	729.65	-61.79	729.65	-61.79	0	1558	0	0	1	
4518863089	SMP	1	715.66	-67.30	715.66	-67.30	0	1479	0	0	1	
4518871446	SMP	1	741.57	-62.96	741.57	-62.96	0	1700	0	0	1	
4518879846	SMP	1	708.40	-67.34	708.40	-67.34	0	1679	0	0	1	
4518888064	SMP	1	724.54	-74.36	724.54	-74.36	0	1503	0	0	1	
4518896461	SMP	1	758.88	-76.58	758.88	-76.58	0	2146	0	0	1	
4518904865	SMP	1	726.87	-83.77	726.87	-83.77	0	1453	0	0	1	
4518913078	SMP	1	753.02	-79.42	753.02	-79.42	0	1509	0	0	1	
4518921406	SMP	1	0.00	-24.59	0.00	-24.59	0	2127	0	0	1	
4518929858	SMP	1	720.12	-79.96	720.12	-79.96	0	1633	0	0	1	
4518938201	SMP	1	0.00	-12.57	0.00	-12.57	0	1587	0	0	1	
4518946461	SMP	1	0.00	-6.12	0.00	-6.12	0	1873	0	0	1	
4518954853	SMP	1	725.96	-83.33	725.96	-83.33	0	1732	0	0	1	
4518963208	SMP	1	732.98	-56.11	732.98	-56.11	0	1536	0	0	1	
4518971667	SMP	1	726.78	-91.14	726.78	-91.14	0	2532	0	0	1	
4518979879	SMP	1	752.43	-90.75	752.43	-90.75	0	1733	0	0	1	
4518988225	SMP	1	739.63	-89.37	739.63	-89.37	0	1559	0	0	1	
4518996607	SMP	1	760.84	-65.13	760.84	-65.13	0	1788	0	0	1	
4519004972	SMP	1	788.74	-41.48	788.74	-41.48	0	2290	0	0	1	
4519013234	SMP	1	817.31	-89.20	817.31	-89.20	0	1584	0	0	1	
4519021601	SMP	1	812.95	-9.93	812.95	-9.93	0	1687	0	0	1	
4519029976	SMP	1	842.20	-60.58	842.20	-60.58	0	1504	0	0	1	
4519038212	SMP	1	828.81	-79.13	828.81	-79.13	0	1555	0	0	1	
4519046585	SMP	1	0.00	-15.77	0.00	-15.77	0	1824	0	0	1	
4519054979	SMP	1	831.06	-54.64	831.06	-54.64	0	1840	0	0	1	
4519063336	SMP	1	0.00	-12.04	0.00	-12.04	0	1575	0	0	1	
4519071580	SMP	1	0.00	-9.46	0.00	-9.46	0	2127	0	0	1	
4519079960	SMP	1	0.00	-7.65	0.00	-7.65	0	1531	0	0	1	
4519088325	SMP	1	0.00	-5.35	0.00	-5.35	0	1822	0	0	1	
4519096688	SMP	1	827.95	-1.39	827.95	-1.39	0	1946	0	0	1	
4519104972	SMP	1	818.79	-58.11	818.79	-58.11	0	2150	0	0	1	
4519113284	SMP	1	0.00	-2.99	0.00	-2.99	0	1968	0	0	1	
4519121730	SMP	1	821.44	-78.88	821.44	-78.88	0	1721	0	0	1	
4519130086	SMP	1	0.00	-1.49	0.00	-1.49	0	1527	0	0	1	
4519138364	SMP	1	816.03	-58.95	816.03	-58.95	0	1676	0	0	1	
4519146688	SMP	1	811.32	-58.64	811.32	-58.64	0	1962	0	0	1	
4519155096	SMP	1	811.92	-44.85	811.92	-44.85	0	1442	0	0	1	
4519163327	SMP	1	825.10	-63.94	825.10	-63.94	0	2046	0	0	1	
4519171738	SMP	1	821.23	-77.87	821.23	-77.87	0	1668	0	0	1	
4519180060	SMP	1	821.27	-75.36	821.27	-75.36	0	1587	0	0	1	
4519188489	SMP	1	0.00	-10.91	0.00	-10.91	0	1624	0	0	1	
4519196707	SMP	1	831.54	-81.18	831.54	-81.18	0	1834	0	0	1	
4519205094	SMP	1	853.99	-87.30	853.99	-87.30	0	1606	0	0	1	
4519213460	SMP	1	0.00	-9.40	0.00	-9.40	0	2060	0	0	1	
4519221861	SMP	1	812.31	-78.23	812.31	-78.23	0	1725	0	0	1	
4519230076	SMP	1	0.00	-7.97	0.00	-7.97	0	1444	0	0	1	
4519238467	SMP	1	0.00	-4.83	0.00	-4.83	0	1525	0	0	1	
4519246821	SMP	1	838.74	-6.18	838.74	-6.18	0	1986	0	0	1	
4519255233	SMP	1	852.16	-21.01	852.16	-21.01	0	1611	0	0	1	
4519263470	SMP	1	0.00	-5.09	0.00	-5.09	0	1550	0	0	1	
4519271841	SMP	1	844.27	-89.61	844.27	-89.61	0	1633	0	0	1	
4519280202	SMP	1	816.08	-94.91	816.08	-94.91	0	1457	0	0	1	
4519288432	SMP	1	822.81	-32.23	822.81	-32.23	0	1452	0	0	1	
4519296847	SMP	1	842.18	-92.46	842.18	-92.46	0	1764	0	0	1	
4519305218	SMP	1	825.27	-18.31	825.27	-18.31	0	1513	0	0	1	
4519313552	SMP	1	822.72	-20.86	822.72	-20.86	0	1537	0	0	1	
4519321816	SMP	1	901.37	-1.57	901.37	-1.57	0	1608	0	0	1	
4519330221	SMP	1	856.27	-13.95	856.27	-13.95	0	1613	0	0	1	
4519338569	SMP	1	0.00	-9.34	0.00	-9.34	0	1819	0	0	1	
4519346976	SMP	1	645.45	-55.66	645.45	-55.66	0	2203	0	0	1	
4519355200	SMP	1	837.85	124.35	837.85	124.35	0	1780	0	0	1	
4519363569	SMP	1	616.34	280.87	616.34	280.87	0	1437	0	0	1	
4519371936	SMP	1	637.31	421.96	637.31	421.96	0	2557	0	0	1	
4519380329	SMP	1	638.58	635.02	638.58	635.02	0	1577	0	0	1	
4519388576	SMP	1	481.43	831.05	481.43	831.05	0	1481	0	0	1	
4519396929	SMP	1	437.99	967.31	437.99	967.31	0	1549	0	0	1	
4519405357	SMP	1	11.91	683.07	11.91	683.07	0	2007	0	0	0	
4519413692	SMP	1	358.96	694.52	358.96	694.52	0	1637	0	0	1	
4519421972	SMP	1	347.34	711.95	347.34	711.95	0	1707	0	0	1	
4519430314	SMP	1	335.24	828.74	335.24	828.74	0	1572	0	0	1	
4519438799	SMP	1	327.76	855.42	327.76	855.42	0	1541	0	0	1	
4519446967	SMP	1	334.37	917.57	334.37	917.57	0	2103	0	0	1	
4519450560	MSG	1	# Message: blank.jpg
4519455370	SMP	1	358.74	951.24	358.74	951.24	0	2629	0	0	1	
4519463697	SMP	1	366.58	900.10	366.58	900.10	0	2155	0	0	1	
4519472081	SMP	1	356.59	932.64	356.59	932.64	0	2282	0	0	1	
4519480317	SMP	1	369.44	948.13	369.44	948.13	0	2259	0	0	1	
4519488715	SMP	1	362.50	926.29	362.50	926.29	0	2146	0	0	1	
4519497105	SMP	1	350.74	942.49	350.74	942.49	0	2062	0	0	1	
4519505488	SMP	1	347.53	944.98	347.53	944.98	0	2252	0	0	1	
