## [iView]
## Converted from:	F:\transfer\to convert\negtracker5_3\121212_03-eye_data.idf
## Date:	12.12.2012 20:07:48
## Version:	IDF Converter 3.0.16
## IDF Version:	9
## Sample Rate:	120
## Separator Type:	Msg
## Trial Count:	1
## Uses Plane File:	False
## Number of Samples:	1569                                                                                                                                                                                                                                                            
## Reversed:	none
## [Run]
## Subject:	121212_03                                                                                                                                                                                                                                                       
## Description:	                                                                                                                                                                                                                                                                
## [Calibration]
## Calibration Type:	2-point
## Calibration Area:	1680	1050
## Calibration Point 0:	Position(335;210)
## Calibration Point 1:	Position(1343;840)
## [Geometry]
## Stimulus Dimension [mm]:	474	297
## Head Distance [mm]:	700
## [Hardware Setup]
## System ID:	IVR-X-1040-05197-SMU
## Operating System :	5.1
## iView X Version:	2.7.13
## [Filter Settings]
## Heuristic:	False
## Heuristic Stage:	0
## Bilateral:	True
## Gaze Cursor Filter:	True
## Saccade Length [px]:	80
## Filter Depth [ms]:	20
## Format:	LEFT, RIGHT, POR, MSG, FRAMECOUNTER
## 
Time	Type	Trial	L POR X [px]	L POR Y [px]	R POR X [px]	R POR Y [px]	Frame	Aux1
4362721877	SMP	1	0.00	0.00	0.00	0.00	-1	
4362771914	SMP	1	0.00	0.00	0.00	0.00	-1	
4362821996	SMP	1	0.00	0.00	0.00	0.00	-1	
4362871983	SMP	1	0.00	0.00	0.00	0.00	-1	
4362921978	SMP	1	0.00	0.00	0.00	0.00	-1	
4362972086	SMP	1	0.00	0.00	0.00	0.00	-1	
4363021950	SMP	1	0.00	0.00	0.00	0.00	-1	
4363072150	SMP	1	0.00	0.00	0.00	0.00	-1	
4363122131	SMP	1	0.00	0.00	0.00	0.00	-1	
4363172152	SMP	1	0.00	0.00	0.00	0.00	-1	
4363222054	SMP	1	0.00	0.00	0.00	0.00	-1	
4363272222	SMP	1	0.00	0.00	0.00	0.00	-1	
4363322135	SMP	1	0.00	0.00	0.00	0.00	-1	
4363372283	SMP	1	0.00	0.00	0.00	0.00	-1	
4363422219	SMP	1	0.00	0.00	0.00	0.00	-1	
4363472280	SMP	1	0.00	0.00	0.00	0.00	-1	
4363522299	SMP	1	0.00	0.00	0.00	0.00	-1	
4363572280	SMP	1	0.00	0.00	0.00	0.00	-1	
4363622423	SMP	1	0.00	0.00	0.00	0.00	-1	
4363672513	SMP	1	0.00	0.00	0.00	0.00	-1	
4363722327	SMP	1	0.00	0.00	0.00	0.00	-1	
4363772409	SMP	1	0.00	0.00	0.00	0.00	-1	
4363822471	SMP	1	0.00	0.00	0.00	0.00	-1	
4364306906	MSG	1	# Message: elmo_duck.avi
4364322573	SMP	1	0.00	0.00	0.00	0.00	-1	
4364372770	SMP	1	0.00	0.00	0.00	0.00	-1	
4364422779	SMP	1	0.00	0.00	0.00	0.00	-1	
4364472626	SMP	1	0.00	0.00	0.00	0.00	-1	
4364522794	SMP	1	0.00	0.00	0.00	0.00	-1	
4364574509	SMP	1	0.00	0.00	0.00	0.00	-1	
4364622863	SMP	1	0.00	0.00	0.00	0.00	-1	
4364672876	SMP	1	0.00	0.00	0.00	0.00	-1	
4364722852	SMP	1	0.00	0.00	0.00	0.00	-1	
4364772782	SMP	1	0.00	0.00	0.00	0.00	-1	
4364822960	SMP	1	0.00	0.00	0.00	0.00	-1	
4364873513	SMP	1	0.00	0.00	0.00	0.00	-1	
4364923070	SMP	1	0.00	0.00	0.00	0.00	-1	
4364972928	SMP	1	0.00	0.00	0.00	0.00	-1	
4365023020	SMP	1	0.00	0.00	0.00	0.00	-1	
4365073047	SMP	1	0.00	0.00	0.00	0.00	-1	
4365123214	SMP	1	0.00	0.00	0.00	0.00	-1	
4365173070	SMP	1	0.00	0.00	0.00	0.00	-1	
4365223094	SMP	1	0.00	0.00	0.00	0.00	-1	
4365273137	SMP	1	0.00	0.00	0.00	0.00	-1	
4365323322	SMP	1	0.00	0.00	0.00	0.00	-1	
4365373166	SMP	1	0.00	0.00	0.00	0.00	-1	
4365423206	SMP	1	0.00	0.00	0.00	0.00	-1	
4365473779	SMP	1	0.00	0.00	0.00	0.00	-1	
4365523267	SMP	1	0.00	0.00	0.00	0.00	-1	
4365573919	SMP	1	0.00	0.00	0.00	0.00	-1	
4365623345	SMP	1	0.00	0.00	0.00	0.00	-1	
4365673874	SMP	1	0.00	0.00	0.00	0.00	-1	
4365723356	SMP	1	0.00	0.00	0.00	0.00	-1	
4365773293	SMP	1	0.00	0.00	0.00	0.00	-1	
4365823457	SMP	1	0.00	0.00	0.00	0.00	-1	
4365873347	SMP	1	0.00	0.00	0.00	0.00	-1	
4365923869	SMP	1	0.00	0.00	0.00	0.00	-1	
4365973595	SMP	1	0.00	0.00	0.00	0.00	-1	
4366023552	SMP	1	0.00	0.00	0.00	0.00	-1	
4366073929	SMP	1	0.00	0.00	0.00	0.00	-1	
4366123709	SMP	1	0.00	0.00	0.00	0.00	-1	
4366174150	SMP	1	0.00	0.00	0.00	0.00	-1	
4366223577	SMP	1	0.00	0.00	0.00	0.00	-1	
4366273792	SMP	1	0.00	0.00	0.00	0.00	-1	
4366323709	SMP	1	0.00	0.00	0.00	0.00	-1	
4366373700	SMP	1	0.00	0.00	0.00	0.00	-1	
4366423698	SMP	1	0.00	0.00	0.00	0.00	-1	
4366473944	SMP	1	0.00	0.00	0.00	0.00	-1	
4366523701	SMP	1	0.00	0.00	0.00	0.00	-1	
4366574290	SMP	1	0.00	0.00	0.00	0.00	-1	
4366623791	SMP	1	0.00	0.00	0.00	0.00	-1	
4366673926	SMP	1	0.00	0.00	0.00	0.00	-1	
4366723810	SMP	1	0.00	0.00	0.00	0.00	-1	
4366774460	SMP	1	0.00	0.00	0.00	0.00	-1	
4366823938	SMP	1	0.00	0.00	0.00	0.00	-1	
4366873948	SMP	1	0.00	0.00	0.00	0.00	-1	
4366923941	SMP	1	0.00	0.00	0.00	0.00	-1	
4366974645	SMP	1	0.00	0.00	0.00	0.00	-1	
4367024047	SMP	1	0.00	0.00	0.00	0.00	-1	
4367074989	SMP	1	0.00	0.00	0.00	0.00	-1	
4367123995	SMP	1	0.00	0.00	0.00	0.00	-1	
4367174599	SMP	1	0.00	0.00	0.00	0.00	-1	
4367224050	SMP	1	0.00	0.00	0.00	0.00	-1	
4367275276	SMP	1	0.00	0.00	0.00	0.00	-1	
4367324090	SMP	1	0.00	0.00	0.00	0.00	-1	
4367374449	SMP	1	0.00	0.00	0.00	0.00	-1	
4367424148	SMP	1	0.00	0.00	0.00	0.00	-1	
4367474092	SMP	1	0.00	0.00	0.00	0.00	-1	
4367524313	SMP	1	0.00	0.00	0.00	0.00	-1	
4367574927	SMP	1	0.00	0.00	0.00	0.00	-1	
4367624358	SMP	1	0.00	0.00	0.00	0.00	-1	
4367674248	SMP	1	0.00	0.00	0.00	0.00	-1	
4367724320	SMP	1	0.00	0.00	0.00	0.00	-1	
4367774728	SMP	1	0.00	0.00	0.00	0.00	-1	
4367824453	SMP	1	0.00	0.00	0.00	0.00	-1	
4367874635	SMP	1	0.00	0.00	0.00	0.00	-1	
4367924422	SMP	1	0.00	0.00	0.00	0.00	-1	
4367975040	SMP	1	0.00	0.00	0.00	0.00	-1	
4368024608	SMP	1	0.00	0.00	0.00	0.00	-1	
4368074797	SMP	1	0.00	0.00	0.00	0.00	-1	
4368124675	SMP	1	0.00	0.00	0.00	0.00	-1	
4368174730	SMP	1	0.00	0.00	0.00	0.00	-1	
4368224538	SMP	1	0.00	0.00	0.00	0.00	-1	
4368275017	SMP	1	0.00	0.00	0.00	0.00	-1	
4368324651	SMP	1	0.00	0.00	0.00	0.00	-1	
4368374891	SMP	1	0.00	0.00	0.00	0.00	-1	
4368424693	SMP	1	0.00	0.00	0.00	0.00	-1	
4368474829	SMP	1	0.00	0.00	0.00	0.00	-1	
4368524794	SMP	1	0.00	0.00	0.00	0.00	-1	
4368574917	SMP	1	0.00	0.00	0.00	0.00	-1	
4368624834	SMP	1	0.00	0.00	0.00	0.00	-1	
4368675029	SMP	1	0.00	0.00	0.00	0.00	-1	
4368724761	SMP	1	0.00	0.00	0.00	0.00	-1	
4368774745	SMP	1	0.00	0.00	0.00	0.00	-1	
4368824888	SMP	1	0.00	0.00	0.00	0.00	-1	
4368875391	SMP	1	0.00	0.00	0.00	0.00	-1	
4368924928	SMP	1	0.00	0.00	0.00	0.00	-1	
4368974894	SMP	1	0.00	0.00	0.00	0.00	-1	
4369025373	SMP	1	0.00	0.00	0.00	0.00	-1	
4369075234	SMP	1	0.00	0.00	0.00	0.00	-1	
4369124964	SMP	1	0.00	0.00	0.00	0.00	-1	
4369175001	SMP	1	0.00	0.00	0.00	0.00	-1	
4369224990	SMP	1	0.00	0.00	0.00	0.00	-1	
4369275128	SMP	1	0.00	0.00	0.00	0.00	-1	
4369325144	SMP	1	0.00	0.00	0.00	0.00	-1	
4369375094	SMP	1	0.00	0.00	0.00	0.00	-1	
4369425123	SMP	1	0.00	0.00	0.00	0.00	-1	
4369475681	SMP	1	0.00	0.00	0.00	0.00	-1	
4369525774	SMP	1	0.00	0.00	0.00	0.00	-1	
4369575439	SMP	1	0.00	0.00	0.00	0.00	-1	
4369625222	SMP	1	0.00	0.00	0.00	0.00	-1	
4369675789	SMP	1	0.00	0.00	0.00	0.00	-1	
4369725280	SMP	1	0.00	0.00	0.00	0.00	-1	
4369775682	SMP	1	0.00	0.00	0.00	0.00	-1	
4369825335	SMP	1	0.00	0.00	0.00	0.00	-1	
4369875386	SMP	1	0.00	0.00	0.00	0.00	-1	
4369925514	SMP	1	0.00	0.00	0.00	0.00	-1	
4369975915	SMP	1	0.00	0.00	0.00	0.00	-1	
4370025624	SMP	1	0.00	0.00	0.00	0.00	-1	
4370075509	SMP	1	0.00	0.00	0.00	0.00	-1	
4370125589	SMP	1	0.00	0.00	0.00	0.00	-1	
4370176431	SMP	1	0.00	0.00	0.00	0.00	-1	
4370225542	SMP	1	0.00	0.00	0.00	0.00	-1	
4370276248	SMP	1	0.00	0.00	0.00	0.00	-1	
4370325731	SMP	1	0.00	0.00	0.00	0.00	-1	
4370375686	SMP	1	0.00	0.00	0.00	0.00	-1	
4370425745	SMP	1	0.00	0.00	0.00	0.00	-1	
4370475663	SMP	1	0.00	0.00	0.00	0.00	-1	
4370525685	SMP	1	0.00	0.00	0.00	0.00	-1	
4370575803	SMP	1	0.00	0.00	0.00	0.00	-1	
4370625876	SMP	1	0.00	0.00	0.00	0.00	-1	
4370675725	SMP	1	0.00	0.00	0.00	0.00	-1	
4370725807	SMP	1	0.00	0.00	0.00	0.00	-1	
4370775972	SMP	1	0.00	0.00	0.00	0.00	-1	
4370825916	SMP	1	0.00	0.00	0.00	0.00	-1	
4370875864	SMP	1	0.00	0.00	0.00	0.00	-1	
4370925954	SMP	1	0.00	0.00	0.00	0.00	-1	
4370976414	SMP	1	0.00	0.00	0.00	0.00	-1	
4371026459	SMP	1	0.00	0.00	0.00	0.00	-1	
4371075963	SMP	1	0.00	0.00	0.00	0.00	-1	
4371125949	SMP	1	0.00	0.00	0.00	0.00	-1	
4371176551	SMP	1	0.00	0.00	0.00	0.00	-1	
4371226012	SMP	1	0.00	0.00	0.00	0.00	-1	
4371277039	SMP	1	0.00	0.00	0.00	0.00	-1	
4371326077	SMP	1	0.00	0.00	0.00	0.00	-1	
4371376103	SMP	1	0.00	0.00	0.00	0.00	-1	
4371426130	SMP	1	0.00	0.00	0.00	0.00	-1	
4371476140	SMP	1	0.00	0.00	0.00	0.00	-1	
4371526256	SMP	1	0.00	0.00	0.00	0.00	-1	
4371576190	SMP	1	0.00	0.00	0.00	0.00	-1	
4371626282	SMP	1	0.00	0.00	0.00	0.00	-1	
4371676380	SMP	1	0.00	0.00	0.00	0.00	-1	
4371726250	SMP	1	0.00	0.00	0.00	0.00	-1	
4371776465	SMP	1	0.00	0.00	0.00	0.00	-1	
4371826395	SMP	1	0.00	0.00	0.00	0.00	-1	
4371876412	SMP	1	0.00	0.00	0.00	0.00	-1	
4371926443	SMP	1	0.00	0.00	0.00	0.00	-1	
4371976500	SMP	1	0.00	0.00	0.00	0.00	-1	
4372026312	SMP	1	0.00	0.00	0.00	0.00	-1	
4372076564	SMP	1	0.00	0.00	0.00	0.00	-1	
4372126479	SMP	1	0.00	0.00	0.00	0.00	-1	
4372176671	SMP	1	0.00	0.00	0.00	0.00	-1	
4372226473	SMP	1	0.00	0.00	0.00	0.00	-1	
4372276650	SMP	1	0.00	0.00	0.00	0.00	-1	
4372326812	SMP	1	0.00	0.00	0.00	0.00	-1	
4372376638	SMP	1	0.00	0.00	0.00	0.00	-1	
4372426605	SMP	1	0.00	0.00	0.00	0.00	-1	
4372476700	SMP	1	0.00	0.00	0.00	0.00	-1	
4372526681	SMP	1	0.00	0.00	0.00	0.00	-1	
4372576815	SMP	1	0.00	0.00	0.00	0.00	-1	
4372626690	SMP	1	0.00	0.00	0.00	0.00	-1	
4372676698	SMP	1	0.00	0.00	0.00	0.00	-1	
4372726980	SMP	1	0.00	0.00	0.00	0.00	-1	
4372777298	SMP	1	0.00	0.00	0.00	0.00	-1	
4372826812	SMP	1	0.00	0.00	0.00	0.00	-1	
4372876823	SMP	1	0.00	0.00	0.00	0.00	-1	
4372926824	SMP	1	0.00	0.00	0.00	0.00	-1	
4372977037	SMP	1	0.00	0.00	0.00	0.00	-1	
4373026820	SMP	1	0.00	0.00	0.00	0.00	-1	
4373077031	SMP	1	0.00	0.00	0.00	0.00	-1	
4373127005	SMP	1	0.00	0.00	0.00	0.00	-1	
4373176935	SMP	1	0.00	0.00	0.00	0.00	-1	
4373226920	SMP	1	0.00	0.00	0.00	0.00	-1	
4373277197	SMP	1	0.00	0.00	0.00	0.00	-1	
4373327089	SMP	1	0.00	0.00	0.00	0.00	-1	
4373377105	SMP	1	0.00	0.00	0.00	0.00	-1	
4373427170	SMP	1	0.00	0.00	0.00	0.00	-1	
4373477116	SMP	1	0.00	0.00	0.00	0.00	-1	
4373527372	SMP	1	0.00	0.00	0.00	0.00	-1	
4373577731	SMP	1	0.00	0.00	0.00	0.00	-1	
4373627194	SMP	1	0.00	0.00	0.00	0.00	-1	
4373677329	SMP	1	0.00	0.00	0.00	0.00	-1	
4373727207	SMP	1	0.00	0.00	0.00	0.00	-1	
4373777438	SMP	1	0.00	0.00	0.00	0.00	-1	
4373877426	SMP	1	0.00	0.00	0.00	0.00	-1	
4373927644	SMP	1	0.00	0.00	0.00	0.00	-1	
4373977500	SMP	1	0.00	0.00	0.00	0.00	-1	
4374027468	SMP	1	0.00	0.00	0.00	0.00	-1	
4374077566	SMP	1	0.00	0.00	0.00	0.00	-1	
4374127434	SMP	1	0.00	0.00	0.00	0.00	-1	
4374177612	SMP	1	0.00	0.00	0.00	0.00	-1	
4374227431	SMP	1	0.00	0.00	0.00	0.00	-1	
4374277659	SMP	1	0.00	0.00	0.00	0.00	-1	
4374327769	SMP	1	0.00	0.00	0.00	0.00	-1	
4374377761	SMP	1	0.00	0.00	0.00	0.00	-1	
4374427554	SMP	1	0.00	0.00	0.00	0.00	-1	
4374477624	SMP	1	0.00	0.00	0.00	0.00	-1	
4374527923	SMP	1	0.00	0.00	0.00	0.00	-1	
4374577809	SMP	1	0.00	0.00	0.00	0.00	-1	
4374627673	SMP	1	0.00	0.00	0.00	0.00	-1	
4374677742	SMP	1	0.00	0.00	0.00	0.00	-1	
4374727700	SMP	1	0.00	0.00	0.00	0.00	-1	
4374777919	SMP	1	0.00	0.00	0.00	0.00	-1	
4374827773	SMP	1	0.00	0.00	0.00	0.00	-1	
4374877814	SMP	1	0.00	0.00	0.00	0.00	-1	
4374927796	SMP	1	0.00	0.00	0.00	0.00	-1	
4374977851	SMP	1	0.00	0.00	0.00	0.00	-1	
4375027867	SMP	1	0.00	0.00	0.00	0.00	-1	
4375100759	SMP	1	632.01	693.23	632.01	693.23	-1	
4375108917	SMP	1	641.82	674.31	641.82	674.31	-1	
4375117260	SMP	1	723.99	677.15	723.99	677.15	-1	
4375133938	SMP	1	639.69	675.39	639.69	675.39	-1	
4375142292	SMP	1	590.70	732.35	590.70	732.35	-1	
4375150664	SMP	1	612.54	666.39	612.54	666.39	-1	
4375158933	SMP	1	609.52	675.16	609.52	675.16	-1	
4375167322	SMP	1	457.61	761.10	457.61	761.10	-1	
4375175660	SMP	1	510.29	673.18	510.29	673.18	-1	
4375183947	SMP	1	987.23	669.93	987.23	669.93	-1	
4375192313	SMP	1	454.26	747.49	454.26	747.49	-1	
4375200651	SMP	1	926.78	495.83	926.78	495.83	-1	
4375209055	SMP	1	628.44	644.53	628.44	644.53	-1	
4375217290	SMP	1	615.47	619.22	615.47	619.22	-1	
4375225678	SMP	1	610.71	626.28	610.71	626.28	-1	
4375234027	SMP	1	616.69	610.85	616.69	610.85	-1	
4375242426	SMP	1	624.56	596.96	624.56	596.96	-1	
4375250709	SMP	1	613.28	606.46	613.28	606.46	-1	
4375259046	SMP	1	605.57	620.59	605.57	620.59	-1	
4375267383	SMP	1	610.20	597.91	610.20	597.91	-1	
4375275789	SMP	1	625.72	593.04	625.72	593.04	-1	
4375284097	SMP	1	623.05	597.68	623.05	597.68	-1	
4375292377	SMP	1	632.51	593.00	632.51	593.00	-1	
4375300790	SMP	1	611.93	593.60	611.93	593.60	-1	
4375309017	SMP	1	618.69	585.96	618.69	585.96	-1	
4375317443	SMP	1	606.96	604.75	606.96	604.75	-1	
4375325795	SMP	1	581.01	611.42	581.01	611.42	-1	
4375334262	SMP	1	565.67	559.32	565.67	559.32	-1	
4375342469	SMP	1	577.89	240.92	577.89	240.92	-1	
4375350833	SMP	1	536.43	120.48	536.43	120.48	-1	
4375359174	SMP	1	0.00	0.04	0.00	0.04	-1	
4375367562	SMP	1	0.00	0.02	0.00	0.02	-1	
4375375832	SMP	1	902.85	420.46	902.85	420.46	-1	
4375384216	SMP	1	893.28	514.32	893.28	514.32	-1	
4375392515	SMP	1	986.98	427.66	986.98	427.66	-1	
4375400901	SMP	1	0.00	0.01	0.00	0.01	-1	
4375409185	SMP	1	1019.56	634.70	1019.56	634.70	-1	
4375417508	SMP	1	0.00	0.01	0.00	0.01	-1	
4375425922	SMP	1	568.38	15.50	568.38	15.50	-1	
4375434205	SMP	1	553.71	105.45	553.71	105.45	-1	
4375442513	SMP	1	895.34	798.94	895.34	798.94	-1	
4375453403	SMP	1	0.00	4.08	0.00	4.08	-1	
4375459309	SMP	1	0.00	3.88	0.00	3.88	-1	
4375475925	SMP	1	936.45	1097.71	936.45	1097.71	-1	
4375484223	SMP	1	0.00	3.10	0.00	3.10	-1	
4375492661	SMP	1	0.00	2.56	0.00	2.56	-1	
4375500930	SMP	1	0.00	2.43	0.00	2.43	-1	
4375509280	SMP	1	0.00	2.04	0.00	2.04	-1	
4375517662	SMP	1	0.00	1.93	0.00	1.93	-1	
4375526177	SMP	1	0.00	0.03	0.00	0.03	-1	
4375534399	SMP	1	0.00	0.00	0.00	0.00	-1	
4375542676	SMP	1	0.00	0.00	0.00	0.00	-1	
4375551057	SMP	1	0.00	0.00	0.00	0.00	-1	
4375559426	SMP	1	0.00	0.00	0.00	0.00	-1	
4375567670	SMP	1	542.81	-84.00	542.81	-84.00	-1	
4375576045	SMP	1	736.44	1109.43	736.44	1109.43	-1	
4375584435	SMP	1	815.88	1011.78	815.88	1011.78	-1	
4375592639	SMP	1	659.03	1072.69	659.03	1072.69	-1	
4375600984	SMP	1	729.15	401.70	729.15	401.70	-1	
4375609395	SMP	1	0.00	-0.16	0.00	-0.16	-1	
4375617789	SMP	1	0.00	-0.15	0.00	-0.15	-1	
4375626062	SMP	1	0.00	-0.14	0.00	-0.14	-1	
4375634361	SMP	1	0.00	-0.14	0.00	-0.14	-1	
4375642778	SMP	1	0.00	-0.13	0.00	-0.13	-1	
4375651174	SMP	1	0.00	-0.12	0.00	-0.12	-1	
4375659425	SMP	1	0.00	0.00	0.00	0.00	-1	
4375667780	SMP	1	0.00	0.00	0.00	0.00	-1	
4375676112	SMP	1	0.00	0.00	0.00	0.00	-1	
4375684423	SMP	1	0.00	0.00	0.00	0.00	-1	
4375693022	SMP	1	0.00	0.00	0.00	0.00	-1	
4375701122	SMP	1	0.00	0.00	0.00	0.00	-1	
4375709517	SMP	1	0.00	0.00	0.00	0.00	-1	
4375717812	SMP	1	0.00	0.00	0.00	0.00	-1	
4375726173	SMP	1	0.00	0.00	0.00	0.00	-1	
4375734491	SMP	1	0.00	0.00	0.00	0.00	-1	
4375742863	SMP	1	0.00	0.00	0.00	0.00	-1	
4375751165	SMP	1	0.00	0.00	0.00	0.00	-1	
4375759514	SMP	1	0.00	0.00	0.00	0.00	-1	
4375767921	SMP	1	0.00	0.00	0.00	0.00	-1	
4375776265	SMP	1	0.00	0.00	0.00	0.00	-1	
4375784612	SMP	1	0.00	0.00	0.00	0.00	-1	
4375792903	SMP	1	0.00	0.00	0.00	0.00	-1	
4375801311	SMP	1	0.00	0.00	0.00	0.00	-1	
4375809679	SMP	1	0.00	0.00	0.00	0.00	-1	
4375817926	SMP	1	0.00	0.00	0.00	0.00	-1	
4375826281	SMP	1	0.00	0.00	0.00	0.00	-1	
4375834651	SMP	1	0.00	0.00	0.00	0.00	-1	
4375842879	SMP	1	0.00	0.00	0.00	0.00	-1	
4375851274	SMP	1	0.00	0.00	0.00	0.00	-1	
4375859674	SMP	1	0.00	0.00	0.00	0.00	-1	
4375868022	SMP	1	0.00	0.00	0.00	0.00	-1	
4375876254	SMP	1	0.00	0.00	0.00	0.00	-1	
4375884669	SMP	1	0.00	0.00	0.00	0.00	-1	
4375893033	SMP	1	1257.13	-14.92	1257.13	-14.92	-1	
4375901395	SMP	1	0.00	-1.33	0.00	-1.33	-1	
4375918037	SMP	1	0.00	-1.32	0.00	-1.32	-1	
4375926373	SMP	1	0.00	-1.30	0.00	-1.30	-1	
4375934807	SMP	1	1010.43	-8.67	1010.43	-8.67	-1	
4375943063	SMP	1	0.00	-3.26	0.00	-3.26	-1	
4375951412	SMP	1	0.00	-3.21	0.00	-3.21	-1	
4375959789	SMP	1	1054.78	-10.66	1054.78	-10.66	-1	
4375968066	SMP	1	0.00	-5.13	0.00	-5.13	-1	
4375976402	SMP	1	0.00	-5.02	0.00	-5.02	-1	
4375984809	SMP	1	0.00	-4.88	0.00	-4.88	-1	
4375993119	SMP	1	0.00	-3.45	0.00	-3.45	-1	
4376001360	SMP	1	0.00	-3.35	0.00	-3.35	-1	
4376009774	SMP	1	0.00	-3.25	0.00	-3.25	-1	
4376018613	SMP	1	0.00	-3.13	0.00	-3.13	-1	
4376026533	SMP	1	0.00	-1.54	0.00	-1.54	-1	
4376034781	SMP	1	0.00	-1.48	0.00	-1.48	-1	
4376043162	SMP	1	0.00	-1.42	0.00	-1.42	-1	
4376051511	SMP	1	0.00	0.00	0.00	0.00	-1	
4376059906	SMP	1	0.00	0.00	0.00	0.00	-1	
4376068137	SMP	1	0.00	0.00	0.00	0.00	-1	
4376076499	SMP	1	0.00	0.00	0.00	0.00	-1	
4376084884	SMP	1	0.00	0.00	0.00	0.00	-1	
4376093223	SMP	1	0.00	0.00	0.00	0.00	-1	
4376101530	SMP	1	0.00	0.00	0.00	0.00	-1	
4376109888	SMP	1	0.00	0.00	0.00	0.00	-1	
4376118307	SMP	1	0.00	0.00	0.00	0.00	-1	
4376126534	SMP	1	0.00	0.00	0.00	0.00	-1	
4376134915	SMP	1	0.00	0.00	0.00	0.00	-1	
4376143247	SMP	1	0.00	0.00	0.00	0.00	-1	
4376151641	SMP	1	0.00	0.00	0.00	0.00	-1	
4376159972	SMP	1	0.00	0.00	0.00	0.00	-1	
4376168290	SMP	1	996.75	-98.47	996.75	-98.47	-1	
4376176653	SMP	1	0.00	-0.04	0.00	-0.04	-1	
4376193343	SMP	1	0.00	-0.04	0.00	-0.04	-1	
4376201640	SMP	1	0.00	-0.04	0.00	-0.04	-1	
4376210042	SMP	1	0.00	-0.03	0.00	-0.03	-1	
4376218404	SMP	1	0.00	-0.03	0.00	-0.03	-1	
4376226663	SMP	1	0.00	-0.03	0.00	-0.03	-1	
4376235013	SMP	1	0.00	-0.03	0.00	-0.03	-1	
4376243372	SMP	1	0.00	-0.03	0.00	-0.03	-1	
4376251655	SMP	1	0.00	-0.03	0.00	-0.03	-1	
4376260045	SMP	1	0.00	-0.03	0.00	-0.03	-1	
4376268396	SMP	1	0.00	0.00	0.00	0.00	-1	
4376276762	SMP	1	0.00	0.00	0.00	0.00	-1	
4376285028	SMP	1	0.00	0.00	0.00	0.00	-1	
4376293404	SMP	1	1035.46	-71.66	1035.46	-71.66	-1	
4376301780	SMP	1	1074.57	278.37	1074.57	278.37	-1	
4376310201	SMP	1	1145.42	516.89	1145.42	516.89	-1	
4376318436	SMP	1	1149.50	553.45	1149.50	553.45	-1	
4376326767	SMP	1	1211.94	624.81	1211.94	624.81	-1	
4376335158	SMP	1	1199.91	586.56	1199.91	586.56	-1	
4376343499	SMP	1	1205.55	618.52	1205.55	618.52	-1	
4376351813	SMP	1	1173.07	647.97	1173.07	647.97	-1	
4376360133	SMP	1	1161.76	672.19	1161.76	672.19	-1	
4376368514	SMP	1	1221.14	663.44	1221.14	663.44	-1	
4376376777	SMP	1	1159.87	662.12	1159.87	662.12	-1	
4376385807	SMP	1	1168.09	644.86	1168.09	644.86	-1	
4376393525	SMP	1	1173.54	672.94	1173.54	672.94	-1	
4376401885	SMP	1	1170.63	650.49	1170.63	650.49	-1	
4376410164	SMP	1	1175.99	672.76	1175.99	672.76	-1	
4376418509	SMP	1	1188.71	674.49	1188.71	674.49	-1	
4376426915	SMP	1	1177.07	681.23	1177.07	681.23	-1	
4376435384	SMP	1	1169.68	674.15	1169.68	674.15	-1	
4376443540	SMP	1	1171.94	643.32	1171.94	643.32	-1	
4376451875	SMP	1	1186.35	673.70	1186.35	673.70	-1	
4376460295	SMP	1	1182.60	632.55	1182.60	632.55	-1	
4376468640	SMP	1	1173.44	653.52	1173.44	653.52	-1	
4376476905	SMP	1	1258.71	643.86	1258.71	643.86	-1	
4376493637	SMP	1	1185.96	646.68	1185.96	646.68	-1	
4376501898	SMP	1	1176.82	654.75	1176.82	654.75	-1	
4376510257	SMP	1	1189.62	641.25	1189.62	641.25	-1	
4376518663	SMP	1	1155.28	652.81	1155.28	652.81	-1	
4376526997	SMP	1	1184.51	637.81	1184.51	637.81	-1	
4376535266	SMP	1	1181.38	619.68	1181.38	619.68	-1	
4376543625	SMP	1	1179.29	640.91	1179.29	640.91	-1	
4376552037	SMP	1	1172.29	633.82	1172.29	633.82	-1	
4376560406	SMP	1	1170.38	640.38	1170.38	640.38	-1	
4376568803	SMP	1	1174.73	633.78	1174.73	633.78	-1	
4376577030	SMP	1	1174.63	621.99	1174.63	621.99	-1	
4376585493	SMP	1	1179.90	635.12	1179.90	635.12	-1	
4376593778	SMP	1	1178.63	641.09	1178.63	641.09	-1	
4376602009	SMP	1	1173.83	643.87	1173.83	643.87	-1	
4376610404	SMP	1	1175.37	638.25	1175.37	638.25	-1	
4376618740	SMP	1	1172.88	633.92	1172.88	633.92	-1	
4376627163	SMP	1	1167.46	635.48	1167.46	635.48	-1	
4376635378	SMP	1	1179.70	633.84	1179.70	633.84	-1	
4376643731	SMP	1	1183.22	640.22	1183.22	640.22	-1	
4376652159	SMP	1	1170.87	632.34	1170.87	632.34	-1	
4376660411	SMP	1	1166.46	631.98	1166.46	631.98	-1	
4376668766	SMP	1	1171.87	629.94	1171.87	629.94	-1	
4376677274	SMP	1	1172.02	614.06	1172.02	614.06	-1	
4376685638	SMP	1	1187.90	635.70	1187.90	635.70	-1	
4376693762	SMP	1	1183.84	643.74	1183.84	643.74	-1	
4376702150	SMP	1	1179.26	614.38	1179.26	614.38	-1	
4376710504	SMP	1	1210.99	627.50	1210.99	627.50	-1	
4376718894	SMP	1	1197.78	627.19	1197.78	627.19	-1	
4376727212	SMP	1	1185.62	597.74	1185.62	597.74	-1	
4376735478	SMP	1	1193.08	612.75	1193.08	612.75	-1	
4376743881	SMP	1	1198.80	596.39	1198.80	596.39	-1	
4376752858	SMP	1	1189.82	572.43	1189.82	572.43	-1	
4376760547	SMP	1	1191.89	612.21	1191.89	612.21	-1	
4376768889	SMP	1	1163.98	606.72	1163.98	606.72	-1	
4376777302	SMP	1	1221.23	603.50	1221.23	603.50	-1	
4376785507	SMP	1	1198.34	615.76	1198.34	615.76	-1	
4376793882	SMP	1	1181.49	609.69	1181.49	609.69	-1	
4376802205	SMP	1	965.18	493.16	965.18	493.16	-1	
4376810621	SMP	1	1205.30	591.86	1205.30	591.86	-1	
4376818862	SMP	1	1197.48	637.62	1197.48	637.62	-1	
4376827229	SMP	1	1188.19	610.14	1188.19	610.14	-1	
4376835652	SMP	1	1155.09	626.86	1155.09	626.86	-1	
4376844045	SMP	1	1170.53	633.77	1170.53	633.77	-1	
4376852266	SMP	1	1192.69	633.73	1192.69	633.73	-1	
4376860658	SMP	1	1183.00	606.02	1183.00	606.02	-1	
4376869013	SMP	1	1158.18	491.04	1158.18	491.04	-1	
4376877342	SMP	1	884.00	411.71	884.00	411.71	-1	
4376885783	SMP	1	1175.79	648.01	1175.79	648.01	-1	
4376894001	SMP	1	1176.55	650.51	1176.55	650.51	-1	
4376902367	SMP	1	1175.26	639.33	1175.26	639.33	-1	
4376910626	SMP	1	1179.80	639.23	1179.80	639.23	-1	
4376919069	SMP	1	1261.90	610.33	1261.90	610.33	-1	
4376927397	SMP	1	1414.86	593.71	1414.86	593.71	-1	
4376935766	SMP	1	1309.83	516.29	1309.83	516.29	-1	
4376943979	SMP	1	1332.00	524.91	1332.00	524.91	-1	
4376952411	SMP	1	1322.41	513.96	1322.41	513.96	-1	
4376960771	SMP	1	1340.20	549.35	1340.20	549.35	-1	
4376969213	SMP	1	1321.13	519.22	1321.13	519.22	-1	
4376977426	SMP	1	1325.91	524.44	1325.91	524.44	-1	
4376985735	SMP	1	1327.98	524.51	1327.98	524.51	-1	
4376994292	SMP	1	1335.45	522.93	1335.45	522.93	-1	
4377002498	SMP	1	1327.92	529.21	1327.92	529.21	-1	
4377010777	SMP	1	1328.67	532.00	1328.67	532.00	-1	
4377019149	SMP	1	1330.14	527.50	1330.14	527.50	-1	
4377027522	SMP	1	1329.52	528.04	1329.52	528.04	-1	
4377035769	SMP	1	1323.88	534.47	1323.88	534.47	-1	
4377044144	SMP	1	1322.78	527.90	1322.78	527.90	-1	
4377052526	SMP	1	1325.67	533.59	1325.67	533.59	-1	
4377060907	SMP	1	1321.60	533.12	1321.60	533.12	-1	
4377069285	SMP	1	1312.15	538.46	1312.15	538.46	-1	
4377077456	SMP	1	1313.80	528.91	1313.80	528.91	-1	
4377085938	SMP	1	1307.74	531.18	1307.74	531.18	-1	
4377094521	SMP	1	1306.92	513.05	1306.92	513.05	-1	
4377102505	SMP	1	1305.15	507.35	1305.15	507.35	-1	
4377110891	SMP	1	1310.50	514.34	1310.50	514.34	-1	
4377119478	SMP	1	1323.85	544.83	1323.85	544.83	-1	
4377128163	SMP	1	1313.73	508.52	1313.73	508.52	-1	
4377135891	SMP	1	1328.50	515.32	1328.50	515.32	-1	
4377144300	SMP	1	1316.02	507.80	1316.02	507.80	-1	
4377152652	SMP	1	1324.25	502.94	1324.25	502.94	-1	
4377161016	SMP	1	1317.14	516.24	1317.14	516.24	-1	
4377169265	SMP	1	1327.02	509.63	1327.02	509.63	-1	
4377177619	SMP	1	1303.86	506.52	1303.86	506.52	-1	
4377186033	SMP	1	1320.56	507.10	1320.56	507.10	-1	
4377194314	SMP	1	1334.92	525.75	1334.92	525.75	-1	
4377202578	SMP	1	1328.12	539.31	1328.12	539.31	-1	
4377210995	SMP	1	1334.82	512.86	1334.82	512.86	-1	
4377219373	SMP	1	1335.18	528.95	1335.18	528.95	-1	
4377227637	SMP	1	1339.63	509.93	1339.63	509.93	-1	
4377235998	SMP	1	1316.88	536.12	1316.88	536.12	-1	
4377244382	SMP	1	1334.97	547.52	1334.97	547.52	-1	
4377252979	SMP	1	1333.92	513.06	1333.92	513.06	-1	
4377261037	SMP	1	1330.23	548.15	1330.23	548.15	-1	
4377269347	SMP	1	1326.88	529.19	1326.88	529.19	-1	
4377277698	SMP	1	1304.73	517.01	1304.73	517.01	-1	
4377286147	SMP	1	1315.67	522.84	1315.67	522.84	-1	
4377294425	SMP	1	1320.36	515.19	1320.36	515.19	-1	
4377302735	SMP	1	1316.92	519.17	1316.92	519.17	-1	
4377311131	SMP	1	1316.00	519.75	1316.00	519.75	-1	
4377319903	SMP	1	1317.93	511.14	1317.93	511.14	-1	
4377327772	SMP	1	1319.04	515.08	1319.04	515.08	-1	
4377336133	SMP	1	1311.75	510.94	1311.75	510.94	-1	
4377344475	SMP	1	1311.58	510.50	1311.58	510.50	-1	
4377352770	SMP	1	1307.96	511.37	1307.96	511.37	-1	
4377361136	SMP	1	1311.34	509.48	1311.34	509.48	-1	
4377369524	SMP	1	1312.25	513.46	1312.25	513.46	-1	
4377377893	SMP	1	1311.47	512.11	1311.47	512.11	-1	
4377386132	SMP	1	1312.27	512.40	1312.27	512.40	-1	
4377394512	SMP	1	1311.85	507.24	1311.85	507.24	-1	
4377402863	SMP	1	1306.79	517.05	1306.79	517.05	-1	
4377411252	SMP	1	1297.86	551.04	1297.86	551.04	-1	
4377419516	SMP	1	1292.65	526.61	1292.65	526.61	-1	
4377427852	SMP	1	1298.90	528.74	1298.90	528.74	-1	
4377436254	SMP	1	1293.51	542.54	1293.51	542.54	-1	
4377444491	SMP	1	1280.34	524.06	1280.34	524.06	-1	
4377452887	SMP	1	1285.04	537.27	1285.04	537.27	-1	
4377461278	SMP	1	1276.01	538.50	1276.01	538.50	-1	
4377469603	SMP	1	1271.29	545.10	1271.29	545.10	-1	
4377477884	SMP	1	1268.02	545.44	1268.02	545.44	-1	
4377486270	SMP	1	1263.77	551.10	1263.77	551.10	-1	
4377494650	SMP	1	1272.17	542.89	1272.17	542.89	-1	
4377502975	SMP	1	1267.16	541.73	1267.16	541.73	-1	
4377511234	SMP	1	1266.13	542.81	1266.13	542.81	-1	
4377519630	SMP	1	1254.31	545.14	1254.31	545.14	-1	
4377528031	SMP	1	1258.79	549.03	1258.79	549.03	-1	
4377536383	SMP	1	1253.85	542.94	1253.85	542.94	-1	
4377544600	SMP	1	1255.74	543.35	1255.74	543.35	-1	
4377569751	SMP	1	843.94	547.67	843.94	547.67	-1	
4377578018	SMP	1	770.54	542.15	770.54	542.15	-1	
4377586383	SMP	1	655.29	539.30	655.29	539.30	-1	
4377594767	SMP	1	677.69	463.57	677.69	463.57	-1	
4377602934	SMP	1	639.09	503.58	639.09	503.58	-1	
4377611393	SMP	1	602.48	529.69	602.48	529.69	-1	
4377619728	SMP	1	595.30	520.84	595.30	520.84	-1	
4377628139	SMP	1	606.50	514.46	606.50	514.46	-1	
4377636371	SMP	1	607.89	508.85	607.89	508.85	-1	
4377644772	SMP	1	594.22	525.23	594.22	525.23	-1	
4377653124	SMP	1	617.56	517.79	617.56	517.79	-1	
4377661523	SMP	1	606.58	508.40	606.58	508.40	-1	
4377669744	SMP	1	588.03	504.31	588.03	504.31	-1	
4377678102	SMP	1	594.98	519.73	594.98	519.73	-1	
4377686513	SMP	1	580.17	505.91	580.17	505.91	-1	
4377694893	SMP	1	594.35	515.51	594.35	515.51	-1	
4377703138	SMP	1	565.36	502.55	565.36	502.55	-1	
4377711476	SMP	1	585.10	509.76	585.10	509.76	-1	
4377720780	SMP	1	798.49	333.97	798.49	333.97	-1	
4377728131	SMP	1	648.88	306.79	648.88	306.79	-1	
4377736512	SMP	1	608.80	488.35	608.80	488.35	-1	
4377753265	SMP	1	606.15	482.21	606.15	482.21	-1	
4377761486	SMP	1	589.57	490.43	589.57	490.43	-1	
4377769873	SMP	1	595.51	463.26	595.51	463.26	-1	
4377778263	SMP	1	590.93	462.12	590.93	462.12	-1	
4377786627	SMP	1	602.80	446.48	602.80	446.48	-1	
4377794889	SMP	1	597.26	461.03	597.26	461.03	-1	
4377803238	SMP	1	610.85	460.37	610.85	460.37	-1	
4377811627	SMP	1	618.45	444.62	618.45	444.62	-1	
4377819979	SMP	1	607.27	446.50	607.27	446.50	-1	
4377828238	SMP	1	604.37	456.89	604.37	456.89	-1	
4377836641	SMP	1	607.94	454.75	607.94	454.75	-1	
4377845020	SMP	1	610.46	448.23	610.46	448.23	-1	
4377853254	SMP	1	609.20	443.47	609.20	443.47	-1	
4377861635	SMP	1	619.01	456.92	619.01	456.92	-1	
4377869985	SMP	1	615.83	441.33	615.83	441.33	-1	
4377878354	SMP	1	625.75	441.34	625.75	441.34	-1	
4377886714	SMP	1	622.19	441.02	622.19	441.02	-1	
4377894990	SMP	1	628.89	431.62	628.89	431.62	-1	
4377903387	SMP	1	617.80	448.95	617.80	448.95	-1	
4377911732	SMP	1	602.38	472.40	602.38	472.40	-1	
4377919983	SMP	1	583.92	440.22	583.92	440.22	-1	
4377928379	SMP	1	620.54	428.73	620.54	428.73	-1	
4377936750	SMP	1	622.01	445.75	622.01	445.75	-1	
4377945113	SMP	1	512.57	453.19	512.57	453.19	-1	
4377953378	SMP	1	603.72	458.02	603.72	458.02	-1	
4377961741	SMP	1	588.50	486.96	588.50	486.96	-1	
4377970123	SMP	1	604.44	449.18	604.44	449.18	-1	
4377978486	SMP	1	611.37	465.01	611.37	465.01	-1	
4377986777	SMP	1	796.96	326.00	796.96	326.00	-1	
4377995125	SMP	1	577.84	453.33	577.84	453.33	-1	
4378003509	SMP	1	546.73	492.27	546.73	492.27	-1	
4378011738	SMP	1	612.55	453.23	612.55	453.23	-1	
4378020102	SMP	1	580.05	457.52	580.05	457.52	-1	
4378028457	SMP	1	584.59	455.06	584.59	455.06	-1	
4378036861	SMP	1	512.17	481.26	512.17	481.26	-1	
4378045089	SMP	1	573.44	495.17	573.44	495.17	-1	
4378053499	SMP	1	530.46	458.40	530.46	458.40	-1	
4378061866	SMP	1	512.96	467.97	512.96	467.97	-1	
4378070317	SMP	1	582.50	459.78	582.50	459.78	-1	
4378078499	SMP	1	576.63	460.75	576.63	460.75	-1	
4378086876	SMP	1	585.19	455.24	585.19	455.24	-1	
4378095249	SMP	1	586.39	470.70	586.39	470.70	-1	
4378103638	SMP	1	584.98	460.06	584.98	460.06	-1	
4378111861	SMP	1	581.74	477.75	581.74	477.75	-1	
4378121711	SMP	1	581.57	460.07	581.57	460.07	-1	
4378128618	SMP	1	582.77	446.21	582.77	446.21	-1	
4378136877	SMP	1	566.12	484.88	566.12	484.88	-1	
4378145303	SMP	1	565.95	448.85	565.95	448.85	-1	
4378153673	SMP	1	564.20	472.82	564.20	472.82	-1	
4378161998	SMP	1	510.52	483.93	510.52	483.93	-1	
4378170220	SMP	1	605.57	450.01	605.57	450.01	-1	
4378178609	SMP	1	617.24	421.25	617.24	421.25	-1	
4378187084	SMP	1	560.02	426.84	560.02	426.84	-1	
4378195341	SMP	1	613.17	412.73	613.17	412.73	-1	
4378203634	SMP	1	570.77	451.69	570.77	451.69	-1	
4378211992	SMP	1	585.96	439.45	585.96	439.45	-1	
4378220358	SMP	1	531.19	461.02	531.19	461.02	-1	
4378228741	SMP	1	600.71	461.54	600.71	461.54	-1	
4378237008	SMP	1	608.92	444.52	608.92	444.52	-1	
4378245481	SMP	1	623.98	446.55	623.98	446.55	-1	
4378253739	SMP	1	616.28	434.09	616.28	434.09	-1	
4378262118	SMP	1	617.50	448.12	617.50	448.12	-1	
4378270361	SMP	1	613.64	425.53	613.64	425.53	-1	
4378278710	SMP	1	610.60	471.99	610.60	471.99	-1	
4378287130	SMP	1	612.31	467.69	612.31	467.69	-1	
4378312084	SMP	1	622.12	459.76	622.12	459.76	-1	
4378320537	SMP	1	617.89	445.93	617.89	445.93	-1	
4378328735	SMP	1	618.68	466.28	618.68	466.28	-1	
4378337180	SMP	1	613.94	470.27	613.94	470.27	-1	
4378345457	SMP	1	624.09	452.39	624.09	452.39	-1	
4378353854	SMP	1	565.85	450.86	565.85	450.86	-1	
4378362090	SMP	1	501.51	344.10	501.51	344.10	-1	
4378370506	SMP	1	396.51	77.07	396.51	77.07	-1	
4378378833	SMP	1	275.56	247.79	275.56	247.79	-1	
4378387658	SMP	1	0.00	2.72	0.00	2.72	-1	
4378395446	SMP	1	476.29	72.69	476.29	72.69	-1	
4378403860	SMP	1	291.91	-43.62	291.91	-43.62	-1	
4378412199	SMP	1	311.63	-24.11	311.63	-24.11	-1	
4378420473	SMP	1	529.27	124.69	529.27	124.69	-1	
4378428818	SMP	1	423.91	242.59	423.91	242.59	-1	
4378437247	SMP	1	454.80	202.15	454.80	202.15	-1	
4378445621	SMP	1	453.54	305.00	453.54	305.00	-1	
4378453853	SMP	1	468.22	336.67	468.22	336.67	-1	
4378462225	SMP	1	606.91	590.00	606.91	590.00	-1	
4378470603	SMP	1	0.00	-8.23	0.00	-8.23	-1	
4378478987	SMP	1	0.00	-7.49	0.00	-7.49	-1	
4378487294	SMP	1	501.82	593.94	501.82	593.94	-1	
4378495567	SMP	1	575.72	745.07	575.72	745.07	-1	
4378504005	SMP	1	562.68	827.28	562.68	827.28	-1	
4378512349	SMP	1	640.47	817.10	640.47	817.10	-1	
4378520619	SMP	1	736.40	864.23	736.40	864.23	-1	
4378528979	SMP	1	727.25	1045.55	727.25	1045.55	-1	
4378537393	SMP	1	0.00	0.00	0.00	0.00	-1	
4378545601	SMP	1	0.00	0.00	0.00	0.00	-1	
4378562380	SMP	1	0.00	0.00	0.00	0.00	-1	
4378570673	SMP	1	0.00	0.00	0.00	0.00	-1	
4378578967	SMP	1	0.00	0.00	0.00	0.00	-1	
4378587321	SMP	1	0.00	0.00	0.00	0.00	-1	
4378595717	SMP	1	0.00	0.00	0.00	0.00	-1	
4378604076	SMP	1	0.00	0.00	0.00	0.00	-1	
4378612368	SMP	1	0.00	0.00	0.00	0.00	-1	
4378620745	SMP	1	0.00	0.00	0.00	0.00	-1	
4378629125	SMP	1	0.00	0.00	0.00	0.00	-1	
4378637451	SMP	1	0.00	0.00	0.00	0.00	-1	
4378645743	SMP	1	0.00	0.00	0.00	0.00	-1	
4378654492	SMP	1	0.00	0.00	0.00	0.00	-1	
4378662509	SMP	1	0.00	0.00	0.00	0.00	-1	
4378670724	SMP	1	0.00	0.00	0.00	0.00	-1	
4378679383	SMP	1	0.00	0.00	0.00	0.00	-1	
4378687573	SMP	1	0.00	0.00	0.00	0.00	-1	
4378695877	SMP	1	0.00	0.00	0.00	0.00	-1	
4378704233	SMP	1	0.00	0.00	0.00	0.00	-1	
4378712500	SMP	1	0.00	0.00	0.00	0.00	-1	
4378720889	SMP	1	0.00	0.00	0.00	0.00	-1	
4378729278	SMP	1	0.00	0.00	0.00	0.00	-1	
4378737467	SMP	1	0.00	0.00	0.00	0.00	-1	
4378745863	SMP	1	0.00	0.00	0.00	0.00	-1	
4378754975	SMP	1	0.00	0.00	0.00	0.00	-1	
4378762596	SMP	1	0.00	0.00	0.00	0.00	-1	
4378770878	SMP	1	0.00	0.00	0.00	0.00	-1	
4378779209	SMP	1	0.00	0.00	0.00	0.00	-1	
4378787585	SMP	1	0.00	0.00	0.00	0.00	-1	
4378795892	SMP	1	0.00	0.00	0.00	0.00	-1	
4378804289	SMP	1	0.00	0.00	0.00	0.00	-1	
4378812614	SMP	1	0.00	0.00	0.00	0.00	-1	
4378820997	SMP	1	0.00	0.00	0.00	0.00	-1	
4378829253	SMP	1	0.00	0.00	0.00	0.00	-1	
4378837600	SMP	1	0.00	0.00	0.00	0.00	-1	
4378845999	SMP	1	0.00	0.00	0.00	0.00	-1	
4378854363	SMP	1	0.00	0.00	0.00	0.00	-1	
4378862603	SMP	1	0.00	0.00	0.00	0.00	-1	
4378870977	SMP	1	0.00	0.00	0.00	0.00	-1	
4378879334	SMP	1	0.00	0.00	0.00	0.00	-1	
4378887707	SMP	1	0.00	0.00	0.00	0.00	-1	
4378895980	SMP	1	0.00	0.00	0.00	0.00	-1	
4378904316	SMP	1	0.00	0.00	0.00	0.00	-1	
4378912731	SMP	1	0.00	0.00	0.00	0.00	-1	
4378921855	SMP	1	0.00	0.00	0.00	0.00	-1	
4378929351	SMP	1	0.00	0.00	0.00	0.00	-1	
4378937703	SMP	1	0.00	0.00	0.00	0.00	-1	
4378946093	SMP	1	0.00	0.00	0.00	0.00	-1	
4378954424	SMP	1	0.00	0.00	0.00	0.00	-1	
4378962749	SMP	1	0.00	0.00	0.00	0.00	-1	
4378971077	SMP	1	0.00	0.00	0.00	0.00	-1	
4378979429	SMP	1	0.00	0.00	0.00	0.00	-1	
4378987731	SMP	1	0.00	0.00	0.00	0.00	-1	
4378996094	SMP	1	0.00	0.00	0.00	0.00	-1	
4379004505	SMP	1	0.00	0.00	0.00	0.00	-1	
4379012830	SMP	1	0.00	0.00	0.00	0.00	-1	
4379021502	SMP	1	0.00	0.00	0.00	0.00	-1	
4379029474	SMP	1	0.00	0.00	0.00	0.00	-1	
4379037860	SMP	1	0.00	0.00	0.00	0.00	-1	
4379204266	SMP	1	0.00	0.00	0.00	0.00	-1	
4379276833	SMP	1	0.00	0.00	0.00	0.00	-1	
4379284972	SMP	1	0.00	0.00	0.00	0.00	-1	
4379293338	SMP	1	0.00	0.00	0.00	0.00	-1	
4379301720	SMP	1	0.00	0.00	0.00	0.00	-1	
4379309946	SMP	1	0.00	0.00	0.00	0.00	-1	
4379318349	SMP	1	0.00	0.00	0.00	0.00	-1	
4379326605	SMP	1	0.00	0.00	0.00	0.00	-1	
4379335304	SMP	1	0.00	0.00	0.00	0.00	-1	
4379343376	SMP	1	0.00	0.00	0.00	0.00	-1	
4379352213	SMP	1	0.00	0.00	0.00	0.00	-1	
4379360096	SMP	1	0.00	0.00	0.00	0.00	-1	
4379368311	SMP	1	0.00	0.00	0.00	0.00	-1	
4379376707	SMP	1	0.00	0.00	0.00	0.00	-1	
4379385311	SMP	1	0.00	0.00	0.00	0.00	-1	
4379393453	SMP	1	0.00	0.00	0.00	0.00	-1	
4379401709	SMP	1	0.00	0.00	0.00	0.00	-1	
4379410089	SMP	1	0.00	0.00	0.00	0.00	-1	
4379418628	SMP	1	0.00	0.00	0.00	0.00	-1	
4379426839	SMP	1	0.00	0.00	0.00	0.00	-1	
4379435074	SMP	1	0.00	0.00	0.00	0.00	-1	
4379443450	SMP	1	0.00	0.00	0.00	0.00	-1	
4379452160	SMP	1	0.00	0.00	0.00	0.00	-1	
4379460191	SMP	1	0.00	0.00	0.00	0.00	-1	
4379468475	SMP	1	0.00	0.00	0.00	0.00	-1	
4379476821	SMP	1	0.00	0.00	0.00	0.00	-1	
4379485238	SMP	1	0.00	0.00	0.00	0.00	-1	
4379493565	SMP	1	0.00	0.00	0.00	0.00	-1	
4379501809	SMP	1	0.00	0.00	0.00	0.00	-1	
4379510208	SMP	1	0.00	0.00	0.00	0.00	-1	
4379518599	SMP	1	0.00	0.00	0.00	0.00	-1	
4379526822	SMP	1	0.00	0.00	0.00	0.00	-1	
4379535199	SMP	1	0.00	0.00	0.00	0.00	-1	
4379543580	SMP	1	0.00	0.00	0.00	0.00	-1	
4379551972	SMP	1	0.00	0.00	0.00	0.00	-1	
4379560713	SMP	1	0.00	0.00	0.00	0.00	-1	
4379568613	SMP	1	0.00	0.00	0.00	0.00	-1	
4379576967	SMP	1	0.00	0.00	0.00	0.00	-1	
4379585696	SMP	1	0.00	0.00	0.00	0.00	-1	
4379593591	SMP	1	0.00	0.00	0.00	0.00	-1	
4379602057	SMP	1	0.00	0.00	0.00	0.00	-1	
4379610354	SMP	1	0.00	0.00	0.00	0.00	-1	
4379618696	SMP	1	0.00	0.00	0.00	0.00	-1	
4379626976	SMP	1	0.00	0.00	0.00	0.00	-1	
4379635325	SMP	1	0.00	0.00	0.00	0.00	-1	
4379643743	SMP	1	0.00	0.00	0.00	0.00	-1	
4379652002	SMP	1	0.00	0.00	0.00	0.00	-1	
4379660351	SMP	1	0.00	0.00	0.00	0.00	-1	
4379668675	SMP	1	0.00	0.00	0.00	0.00	-1	
4379677104	SMP	1	0.00	0.00	0.00	0.00	-1	
4379685359	SMP	1	0.00	0.00	0.00	0.00	-1	
4379693709	SMP	1	0.00	0.00	0.00	0.00	-1	
4379702246	SMP	1	0.00	0.00	0.00	0.00	-1	
4379710446	SMP	1	0.00	0.00	0.00	0.00	-1	
4379718747	SMP	1	0.00	0.00	0.00	0.00	-1	
4379727083	SMP	1	0.00	0.00	0.00	0.00	-1	
4379735442	SMP	1	0.00	0.00	0.00	0.00	-1	
4379743788	SMP	1	0.00	0.00	0.00	0.00	-1	
4379752094	SMP	1	0.00	0.00	0.00	0.00	-1	
4379760373	SMP	1	0.00	0.00	0.00	0.00	-1	
4379768924	SMP	1	0.00	0.00	0.00	0.00	-1	
4379777204	SMP	1	0.00	0.00	0.00	0.00	-1	
4379785966	SMP	1	0.00	0.00	0.00	0.00	-1	
4379793851	SMP	1	0.00	0.00	0.00	0.00	-1	
4379802206	SMP	1	0.00	0.00	0.00	0.00	-1	
4379810484	SMP	1	0.00	0.00	0.00	0.00	-1	
4379818834	SMP	1	0.00	0.00	0.00	0.00	-1	
4379827228	SMP	1	0.00	0.00	0.00	0.00	-1	
4379835569	SMP	1	0.00	0.00	0.00	0.00	-1	
4379843845	SMP	1	0.00	0.00	0.00	0.00	-1	
4379852309	SMP	1	0.00	0.00	0.00	0.00	-1	
4379860586	SMP	1	0.00	0.00	0.00	0.00	-1	
4379869046	SMP	1	0.00	0.00	0.00	0.00	-1	
4379877216	SMP	1	0.00	0.00	0.00	0.00	-1	
4379885600	SMP	1	0.00	0.00	0.00	0.00	-1	
4379894138	SMP	1	0.00	0.00	0.00	0.00	-1	
4379902346	SMP	1	0.00	0.00	0.00	0.00	-1	
4379910543	SMP	1	0.00	0.00	0.00	0.00	-1	
4379918984	SMP	1	0.00	0.00	0.00	0.00	-1	
4379927327	SMP	1	0.00	0.00	0.00	0.00	-1	
4379935592	SMP	1	0.00	0.00	0.00	0.00	-1	
4379943926	SMP	1	0.00	0.00	0.00	0.00	-1	
4379952353	SMP	1	0.00	0.00	0.00	0.00	-1	
4379960718	SMP	1	0.00	0.00	0.00	0.00	-1	
4379968983	SMP	1	0.00	0.00	0.00	0.00	-1	
4379977314	SMP	1	0.00	0.00	0.00	0.00	-1	
4379985694	SMP	1	0.00	0.00	0.00	0.00	-1	
4379994071	SMP	1	0.00	0.00	0.00	0.00	-1	
4380002340	SMP	1	0.00	0.00	0.00	0.00	-1	
4380010751	SMP	1	0.00	0.00	0.00	0.00	-1	
4380019309	SMP	1	0.00	0.00	0.00	0.00	-1	
4380027353	SMP	1	0.00	0.00	0.00	0.00	-1	
4380035717	SMP	1	0.00	0.00	0.00	0.00	-1	
4380044099	SMP	1	0.00	0.00	0.00	0.00	-1	
4380052541	SMP	1	0.00	0.00	0.00	0.00	-1	
4380060706	SMP	1	0.00	0.00	0.00	0.00	-1	
4380069085	SMP	1	0.00	0.00	0.00	0.00	-1	
4380077442	SMP	1	0.00	0.00	0.00	0.00	-1	
4380085840	SMP	1	0.00	0.00	0.00	0.00	-1	
4380094160	SMP	1	0.00	0.00	0.00	0.00	-1	
4380102468	SMP	1	0.00	0.00	0.00	0.00	-1	
4380110835	SMP	1	0.00	0.00	0.00	0.00	-1	
4380119318	SMP	1	0.00	0.00	0.00	0.00	-1	
4380127463	SMP	1	0.00	0.00	0.00	0.00	-1	
4380135840	SMP	1	0.00	0.00	0.00	0.00	-1	
4380144230	SMP	1	0.00	0.00	0.00	0.00	-1	
4380152713	SMP	1	0.00	0.00	0.00	0.00	-1	
4380160826	SMP	1	0.00	0.00	0.00	0.00	-1	
4380169235	SMP	1	0.00	0.00	0.00	0.00	-1	
4380177569	SMP	1	0.00	0.00	0.00	0.00	-1	
4380185811	SMP	1	0.00	0.00	0.00	0.00	-1	
4380194317	SMP	1	0.00	0.00	0.00	0.00	-1	
4380202560	SMP	1	574.82	1091.42	574.82	1091.42	-1	
4380210963	SMP	1	578.66	1024.40	578.66	1024.40	-1	
4380219570	SMP	1	583.93	1008.38	583.93	1008.38	-1	
4380227585	SMP	1	609.45	984.17	609.45	984.17	-1	
4380235932	SMP	1	602.07	972.07	602.07	972.07	-1	
4380244324	SMP	1	589.44	959.45	589.44	959.45	-1	
4380252567	SMP	1	586.44	952.64	586.44	952.64	-1	
4380260954	SMP	1	597.13	947.53	597.13	947.53	-1	
4380269305	SMP	1	586.70	949.26	586.70	949.26	-1	
4380277698	SMP	1	584.93	934.56	584.93	934.56	-1	
4380285969	SMP	1	580.86	938.66	580.86	938.66	-1	
4380294310	SMP	1	580.60	929.78	580.60	929.78	-1	
4380302658	SMP	1	568.52	935.87	568.52	935.87	-1	
4380311082	SMP	1	583.59	922.02	583.59	922.02	-1	
4380319324	SMP	1	580.96	935.12	580.96	935.12	-1	
4380327706	SMP	1	568.06	938.66	568.06	938.66	-1	
4380336084	SMP	1	559.55	1009.55	559.55	1009.55	-1	
4380344285	SMP	1	570.36	920.25	570.36	920.25	-1	
4380352701	SMP	1	566.30	925.14	566.30	925.14	-1	
4380361071	SMP	1	555.06	926.84	555.06	926.84	-1	
4380369438	SMP	1	558.40	947.47	558.40	947.47	-1	
4380377697	SMP	1	553.89	954.05	553.89	954.05	-1	
4380386280	SMP	1	561.69	966.82	561.69	966.82	-1	
4380394424	SMP	1	559.03	914.17	559.03	914.17	-1	
4380402832	SMP	1	560.17	993.95	560.17	993.95	-1	
4380411045	SMP	1	563.63	939.73	563.63	939.73	-1	
4380419473	SMP	1	563.61	974.14	563.61	974.14	-1	
4380427790	SMP	1	561.62	977.59	561.62	977.59	-1	
4380436215	SMP	1	572.70	932.87	572.70	932.87	-1	
4380444454	SMP	1	703.18	890.14	703.18	890.14	-1	
4380452830	SMP	1	960.20	1094.41	960.20	1094.41	-1	
4380461211	SMP	1	0.00	0.00	0.00	0.00	-1	
4380469394	SMP	1	1161.15	1096.43	1161.15	1096.43	-1	
4380477834	SMP	1	1269.55	1125.73	1269.55	1125.73	-1	
4380486201	SMP	1	1445.15	1090.81	1445.15	1090.81	-1	
4380494553	SMP	1	1671.95	971.45	1671.95	971.45	-1	
4380502808	SMP	1	1570.35	975.10	1570.35	975.10	-1	
4380511162	SMP	1	1473.94	1015.19	1473.94	1015.19	-1	
4380519577	SMP	1	1599.52	985.88	1599.52	985.88	-1	
4380527958	SMP	1	1573.98	1095.41	1573.98	1095.41	-1	
4380536186	SMP	1	1467.45	1093.77	1467.45	1093.77	-1	
4380544548	SMP	1	1567.05	1091.05	1567.05	1091.05	-1	
4380553718	SMP	1	0.00	0.00	0.00	0.00	-1	
4380561820	SMP	1	1467.75	1091.19	1467.75	1091.19	-1	
4380569593	SMP	1	1543.01	1100.03	1543.01	1100.03	-1	
4380577943	SMP	1	1548.44	1091.91	1548.44	1091.91	-1	
4380586687	SMP	1	1564.29	1093.19	1564.29	1093.19	-1	
4380594572	SMP	1	0.00	0.00	0.00	0.00	-1	
4380602932	SMP	1	0.00	0.00	0.00	0.00	-1	
4380611302	SMP	1	1535.94	1108.34	1535.94	1108.34	-1	
4380619661	SMP	1	1480.30	1113.21	1480.30	1113.21	-1	
4380627947	SMP	1	0.00	0.00	0.00	0.00	-1	
4380636326	SMP	1	0.00	0.00	0.00	0.00	-1	
4380644679	SMP	1	1568.01	1129.35	1568.01	1129.35	-1	
4380653088	SMP	1	0.00	0.00	0.00	0.00	-1	
4380661317	SMP	1	0.00	0.00	0.00	0.00	-1	
4380669665	SMP	1	0.00	0.00	0.00	0.00	-1	
4380678049	SMP	1	1800.91	1136.94	1800.91	1136.94	-1	
4380686476	SMP	1	0.00	0.00	0.00	0.00	-1	
4380694711	SMP	1	1621.00	1136.49	1621.00	1136.49	-1	
4380703088	SMP	1	0.00	0.00	0.00	0.00	-1	
4380711472	SMP	1	0.00	0.00	0.00	0.00	-1	
4380719826	SMP	1	0.00	0.00	0.00	0.00	-1	
4380728086	SMP	1	0.00	0.00	0.00	0.00	-1	
4380736411	SMP	1	0.00	0.00	0.00	0.00	-1	
4380744818	SMP	1	0.00	0.00	0.00	0.00	-1	
4380753036	SMP	1	0.00	0.00	0.00	0.00	-1	
4380761460	SMP	1	0.00	0.00	0.00	0.00	-1	
4380769843	SMP	1	0.00	0.00	0.00	0.00	-1	
4380778200	SMP	1	0.00	0.00	0.00	0.00	-1	
4380786426	SMP	1	0.00	0.00	0.00	0.00	-1	
4380794820	SMP	1	0.00	0.00	0.00	0.00	-1	
4380803159	SMP	1	0.00	0.00	0.00	0.00	-1	
4380811541	SMP	1	0.00	0.00	0.00	0.00	-1	
4380820376	SMP	1	0.00	0.00	0.00	0.00	-1	
4380828159	SMP	1	0.00	0.00	0.00	0.00	-1	
4380836581	SMP	1	0.00	0.00	0.00	0.00	-1	
4380844947	SMP	1	0.00	0.00	0.00	0.00	-1	
4380853271	SMP	1	0.00	0.00	0.00	0.00	-1	
4380861571	SMP	1	0.00	0.00	0.00	0.00	-1	
4380869947	SMP	1	0.00	0.00	0.00	0.00	-1	
4380878201	SMP	1	0.00	0.00	0.00	0.00	-1	
4380886550	SMP	1	0.00	0.00	0.00	0.00	-1	
4380894937	SMP	1	0.00	0.00	0.00	0.00	-1	
4380903337	SMP	1	0.00	0.00	0.00	0.00	-1	
4380911483	SMP	1	0.00	0.00	0.00	0.00	-1	
4380920126	SMP	1	1809.40	867.49	1809.40	867.49	-1	
4380928244	SMP	1	0.00	0.00	0.00	0.00	-1	
4380936703	SMP	1	0.00	0.00	0.00	0.00	-1	
4380944942	SMP	1	0.00	0.00	0.00	0.00	-1	
4380953325	SMP	1	0.00	0.00	0.00	0.00	-1	
4380961802	SMP	1	0.00	0.00	0.00	0.00	-1	
4380970081	SMP	1	0.00	0.00	0.00	0.00	-1	
4380986686	SMP	1	0.00	0.00	0.00	0.00	-1	
4380995197	SMP	1	0.00	0.00	0.00	0.00	-1	
4381003321	SMP	1	1621.23	1055.31	1621.23	1055.31	-1	
4381011673	SMP	1	0.00	0.00	0.00	0.00	-1	
4381020235	SMP	1	0.00	0.00	0.00	0.00	-1	
4381028417	SMP	1	1775.42	1145.22	1775.42	1145.22	-1	
4381036712	SMP	1	0.00	0.00	0.00	0.00	-1	
4381045028	SMP	1	0.00	0.00	0.00	0.00	-1	
4381053455	SMP	1	0.00	0.00	0.00	0.00	-1	
4381061811	SMP	1	0.00	0.00	0.00	0.00	-1	
4381070068	SMP	1	1745.19	1150.48	1745.19	1150.48	-1	
4381086827	SMP	1	0.00	0.00	0.00	0.00	-1	
4381095190	SMP	1	0.00	0.00	0.00	0.00	-1	
4381103446	SMP	1	0.00	0.00	0.00	0.00	-1	
4381111807	SMP	1	1772.02	1123.27	1772.02	1123.27	-1	
4381120179	SMP	1	1780.00	1064.56	1780.00	1064.56	-1	
4381128565	SMP	1	1805.70	1110.08	1805.70	1110.08	-1	
4381136823	SMP	1	0.00	0.00	0.00	0.00	-1	
4381154242	SMP	1	0.00	0.00	0.00	0.00	-1	
4381161813	SMP	1	0.00	0.00	0.00	0.00	-1	
4381170156	SMP	1	1778.83	989.75	1778.83	989.75	-1	
4381178543	SMP	1	1804.88	1020.27	1804.88	1020.27	-1	
4381186901	SMP	1	0.00	0.00	0.00	0.00	-1	
4381195282	SMP	1	0.00	0.00	0.00	0.00	-1	
4381220397	SMP	1	0.00	0.00	0.00	0.00	-1	
4381228641	SMP	1	0.00	0.00	0.00	0.00	-1	
4381236931	SMP	1	0.00	0.00	0.00	0.00	-1	
4381245320	SMP	1	0.00	0.00	0.00	0.00	-1	
4381253803	SMP	1	0.00	0.00	0.00	0.00	-1	
4381261955	SMP	1	0.00	0.00	0.00	0.00	-1	
4381270360	SMP	1	0.00	0.00	0.00	0.00	-1	
4381278692	SMP	1	0.00	0.00	0.00	0.00	-1	
4381286951	SMP	1	0.00	0.00	0.00	0.00	-1	
4381295430	SMP	1	0.00	0.00	0.00	0.00	-1	
4381303668	SMP	1	0.00	0.00	0.00	0.00	-1	
4381312028	SMP	1	0.00	0.00	0.00	0.00	-1	
4381320480	SMP	1	0.00	0.00	0.00	0.00	-1	
4381328678	SMP	1	0.00	0.00	0.00	0.00	-1	
4381337035	SMP	1	0.00	0.00	0.00	0.00	-1	
4381345356	SMP	1	0.00	0.00	0.00	0.00	-1	
4381353708	SMP	1	0.00	0.00	0.00	0.00	-1	
4381362077	SMP	1	0.00	0.00	0.00	0.00	-1	
4381370511	SMP	1	0.00	0.00	0.00	0.00	-1	
4381378822	SMP	1	0.00	0.00	0.00	0.00	-1	
4381387250	SMP	1	0.00	0.00	0.00	0.00	-1	
4381395405	SMP	1	0.00	0.00	0.00	0.00	-1	
4381403831	SMP	1	0.00	0.00	0.00	0.00	-1	
4381412066	SMP	1	0.00	0.00	0.00	0.00	-1	
4381420677	SMP	1	0.00	0.00	0.00	0.00	-1	
4381428792	SMP	1	0.00	0.00	0.00	0.00	-1	
4381437202	SMP	1	0.00	0.00	0.00	0.00	-1	
4381445348	SMP	1	0.00	0.00	0.00	0.00	-1	
4381453811	SMP	1	0.00	0.00	0.00	0.00	-1	
4381462180	SMP	1	0.00	0.00	0.00	0.00	-1	
4381470556	SMP	1	0.00	0.00	0.00	0.00	-1	
4381478953	SMP	1	0.00	0.00	0.00	0.00	-1	
4381487195	SMP	1	0.00	0.00	0.00	0.00	-1	
4381495627	SMP	1	0.00	0.00	0.00	0.00	-1	
4381503949	SMP	1	0.00	0.00	0.00	0.00	-1	
4381512222	SMP	1	0.00	0.00	0.00	0.00	-1	
4381520550	SMP	1	0.00	0.00	0.00	0.00	-1	
4381528940	SMP	1	0.00	0.00	0.00	0.00	-1	
4381537146	SMP	1	0.00	0.00	0.00	0.00	-1	
4381545550	SMP	1	0.00	0.00	0.00	0.00	-1	
4381553922	SMP	1	0.00	0.00	0.00	0.00	-1	
4381562296	SMP	1	0.00	0.00	0.00	0.00	-1	
4381570543	SMP	1	0.00	0.00	0.00	0.00	-1	
4381578973	SMP	1	0.00	0.00	0.00	0.00	-1	
4381587430	SMP	1	0.00	0.00	0.00	0.00	-1	
4381595698	SMP	1	0.00	0.00	0.00	0.00	-1	
4381770401	SMP	1	0.00	0.00	0.00	0.00	-1	
4381820108	SMP	1	0.00	0.00	0.00	0.00	-1	
4381870141	SMP	1	0.00	0.00	0.00	0.00	-1	
4381920642	SMP	1	0.00	0.00	0.00	0.00	-1	
4381970220	SMP	1	0.00	0.00	0.00	0.00	-1	
4382020587	SMP	1	0.00	0.00	0.00	0.00	-1	
4382070413	SMP	1	0.00	0.00	0.00	0.00	-1	
4382120364	SMP	1	0.00	0.00	0.00	0.00	-1	
4382170285	SMP	1	0.00	0.00	0.00	0.00	-1	
4382220247	SMP	1	0.00	0.00	0.00	0.00	-1	
4382270368	SMP	1	0.00	0.00	0.00	0.00	-1	
4382320913	SMP	1	0.00	0.00	0.00	0.00	-1	
4382370383	SMP	1	0.00	0.00	0.00	0.00	-1	
4382420466	SMP	1	0.00	0.00	0.00	0.00	-1	
4382470633	SMP	1	0.00	0.00	0.00	0.00	-1	
4382520775	SMP	1	0.00	0.00	0.00	0.00	-1	
4382570535	SMP	1	0.00	0.00	0.00	0.00	-1	
4382620878	SMP	1	0.00	0.00	0.00	0.00	-1	
4382670534	SMP	1	0.00	0.00	0.00	0.00	-1	
4382720659	SMP	1	0.00	0.00	0.00	0.00	-1	
4382770736	SMP	1	0.00	0.00	0.00	0.00	-1	
4382820726	SMP	1	0.00	0.00	0.00	0.00	-1	
4382871264	SMP	1	0.00	0.00	0.00	0.00	-1	
4382920938	SMP	1	0.00	0.00	0.00	0.00	-1	
4382970623	SMP	1	0.00	0.00	0.00	0.00	-1	
4383020858	SMP	1	0.00	0.00	0.00	0.00	-1	
4383070729	SMP	1	0.00	0.00	0.00	0.00	-1	
4383121294	SMP	1	0.00	0.00	0.00	0.00	-1	
4383170762	SMP	1	0.00	0.00	0.00	0.00	-1	
4383220952	SMP	1	0.00	0.00	0.00	0.00	-1	
4383271212	SMP	1	0.00	0.00	0.00	0.00	-1	
4383321358	SMP	1	0.00	0.00	0.00	0.00	-1	
4383370857	SMP	1	0.00	0.00	0.00	0.00	-1	
4383420886	SMP	1	0.00	0.00	0.00	0.00	-1	
4383470872	SMP	1	0.00	0.00	0.00	0.00	-1	
4383521243	SMP	1	0.00	0.00	0.00	0.00	-1	
4383571076	SMP	1	0.00	0.00	0.00	0.00	-1	
4383620969	SMP	1	0.00	0.00	0.00	0.00	-1	
4383671211	SMP	1	0.00	0.00	0.00	0.00	-1	
4383721410	SMP	1	0.00	0.00	0.00	0.00	-1	
4383771154	SMP	1	0.00	0.00	0.00	0.00	-1	
4383821571	SMP	1	0.00	0.00	0.00	0.00	-1	
4383871127	SMP	1	0.00	0.00	0.00	0.00	-1	
4383921224	SMP	1	0.00	0.00	0.00	0.00	-1	
4383971155	SMP	1	0.00	0.00	0.00	0.00	-1	
4384021440	SMP	1	0.00	0.00	0.00	0.00	-1	
4384071361	SMP	1	0.00	0.00	0.00	0.00	-1	
4384121422	SMP	1	0.00	0.00	0.00	0.00	-1	
4384171237	SMP	1	0.00	0.00	0.00	0.00	-1	
4384221443	SMP	1	0.00	0.00	0.00	0.00	-1	
4384271373	SMP	1	0.00	0.00	0.00	0.00	-1	
4384321379	SMP	1	0.00	0.00	0.00	0.00	-1	
4384371376	SMP	1	0.00	0.00	0.00	0.00	-1	
4384421417	SMP	1	0.00	0.00	0.00	0.00	-1	
4384471605	SMP	1	0.00	0.00	0.00	0.00	-1	
4384521620	SMP	1	0.00	0.00	0.00	0.00	-1	
4384571451	SMP	1	0.00	0.00	0.00	0.00	-1	
4384621576	SMP	1	0.00	0.00	0.00	0.00	-1	
4384671485	SMP	1	0.00	0.00	0.00	0.00	-1	
4384721513	SMP	1	0.00	0.00	0.00	0.00	-1	
4384771602	SMP	1	0.00	0.00	0.00	0.00	-1	
4384821588	SMP	1	0.00	0.00	0.00	0.00	-1	
4384871622	SMP	1	0.00	0.00	0.00	0.00	-1	
4384921676	SMP	1	0.00	0.00	0.00	0.00	-1	
4384971577	SMP	1	0.00	0.00	0.00	0.00	-1	
4385021710	SMP	1	0.00	0.00	0.00	0.00	-1	
4385071738	SMP	1	0.00	0.00	0.00	0.00	-1	
4385121715	SMP	1	0.00	0.00	0.00	0.00	-1	
4385171750	SMP	1	0.00	0.00	0.00	0.00	-1	
4385221681	SMP	1	0.00	0.00	0.00	0.00	-1	
4385272014	SMP	1	0.00	0.00	0.00	0.00	-1	
4385322035	SMP	1	0.00	0.00	0.00	0.00	-1	
4385372151	SMP	1	0.00	0.00	0.00	0.00	-1	
4385421843	SMP	1	0.00	0.00	0.00	0.00	-1	
4385471861	SMP	1	0.00	0.00	0.00	0.00	-1	
4385521977	SMP	1	0.00	0.00	0.00	0.00	-1	
4385571981	SMP	1	0.00	0.00	0.00	0.00	-1	
4385621955	SMP	1	0.00	0.00	0.00	0.00	-1	
4385672042	SMP	1	0.00	0.00	0.00	0.00	-1	
4385722159	SMP	1	0.00	0.00	0.00	0.00	-1	
4385772106	SMP	1	0.00	0.00	0.00	0.00	-1	
4385822050	SMP	1	0.00	0.00	0.00	0.00	-1	
4385872085	SMP	1	0.00	0.00	0.00	0.00	-1	
4385922151	SMP	1	0.00	0.00	0.00	0.00	-1	
4385972128	SMP	1	0.00	0.00	0.00	0.00	-1	
4386022214	SMP	1	0.00	0.00	0.00	0.00	-1	
4386072512	SMP	1	0.00	0.00	0.00	0.00	-1	
4386122415	SMP	1	0.00	0.00	0.00	0.00	-1	
4386172225	SMP	1	0.00	0.00	0.00	0.00	-1	
4386222212	SMP	1	0.00	0.00	0.00	0.00	-1	
4386272272	SMP	1	0.00	0.00	0.00	0.00	-1	
4386322350	SMP	1	0.00	0.00	0.00	0.00	-1	
4386372458	SMP	1	0.00	0.00	0.00	0.00	-1	
4386422374	SMP	1	0.00	0.00	0.00	0.00	-1	
4386472641	SMP	1	0.00	0.00	0.00	0.00	-1	
4386522478	SMP	1	0.00	0.00	0.00	0.00	-1	
4386572461	SMP	1	0.00	0.00	0.00	0.00	-1	
4386622464	SMP	1	0.00	0.00	0.00	0.00	-1	
4386672383	SMP	1	0.00	0.00	0.00	0.00	-1	
4386722491	SMP	1	0.00	0.00	0.00	0.00	-1	
4386772575	SMP	1	0.00	0.00	0.00	0.00	-1	
4386822563	SMP	1	0.00	0.00	0.00	0.00	-1	
4386872872	SMP	1	0.00	0.00	0.00	0.00	-1	
4386922600	SMP	1	0.00	0.00	0.00	0.00	-1	
4386972542	SMP	1	0.00	0.00	0.00	0.00	-1	
4387022726	SMP	1	0.00	0.00	0.00	0.00	-1	
4387072618	SMP	1	0.00	0.00	0.00	0.00	-1	
4387122719	SMP	1	0.00	0.00	0.00	0.00	-1	
4387172719	SMP	1	0.00	0.00	0.00	0.00	-1	
4387222850	SMP	1	0.00	0.00	0.00	0.00	-1	
4387273068	SMP	1	0.00	0.00	0.00	0.00	-1	
4387323569	SMP	1	0.00	0.00	0.00	0.00	-1	
4387372813	SMP	1	0.00	0.00	0.00	0.00	-1	
4387422837	SMP	1	0.00	0.00	0.00	0.00	-1	
4387472839	SMP	1	0.00	0.00	0.00	0.00	-1	
4387523038	SMP	1	0.00	0.00	0.00	0.00	-1	
4387572929	SMP	1	0.00	0.00	0.00	0.00	-1	
4387622893	SMP	1	0.00	0.00	0.00	0.00	-1	
4387673324	SMP	1	0.00	0.00	0.00	0.00	-1	
4387723008	SMP	1	0.00	0.00	0.00	0.00	-1	
4387773068	SMP	1	0.00	0.00	0.00	0.00	-1	
4387823049	SMP	1	0.00	0.00	0.00	0.00	-1	
4387873082	SMP	1	0.00	0.00	0.00	0.00	-1	
4387923094	SMP	1	0.00	0.00	0.00	0.00	-1	
4387973070	SMP	1	0.00	0.00	0.00	0.00	-1	
4388023305	SMP	1	0.00	0.00	0.00	0.00	-1	
4388073361	SMP	1	0.00	0.00	0.00	0.00	-1	
4388123234	SMP	1	0.00	0.00	0.00	0.00	-1	
4388173174	SMP	1	0.00	0.00	0.00	0.00	-1	
4388223263	SMP	1	0.00	0.00	0.00	0.00	-1	
4388273272	SMP	1	0.00	0.00	0.00	0.00	-1	
4388323319	SMP	1	0.00	0.00	0.00	0.00	-1	
4388373302	SMP	1	0.00	0.00	0.00	0.00	-1	
4388423361	SMP	1	0.00	0.00	0.00	0.00	-1	
4388473492	SMP	1	0.00	0.00	0.00	0.00	-1	
4388523466	SMP	1	0.00	0.00	0.00	0.00	-1	
4388573425	SMP	1	0.00	0.00	0.00	0.00	-1	
4388623470	SMP	1	0.00	0.00	0.00	0.00	-1	
4388673442	SMP	1	0.00	0.00	0.00	0.00	-1	
4388723450	SMP	1	0.00	0.00	0.00	0.00	-1	
4388773621	SMP	1	0.00	0.00	0.00	0.00	-1	
4388823529	SMP	1	0.00	0.00	0.00	0.00	-1	
4388873581	SMP	1	0.00	0.00	0.00	0.00	-1	
4388923564	SMP	1	0.00	0.00	0.00	0.00	-1	
4388973660	SMP	1	0.00	0.00	0.00	0.00	-1	
4389023662	SMP	1	0.00	0.00	0.00	0.00	-1	
4389073677	SMP	1	0.00	0.00	0.00	0.00	-1	
4389123664	SMP	1	0.00	0.00	0.00	0.00	-1	
4389173642	SMP	1	0.00	0.00	0.00	0.00	-1	
4389223810	SMP	1	0.00	0.00	0.00	0.00	-1	
4389273798	SMP	1	0.00	0.00	0.00	0.00	-1	
4389323811	SMP	1	0.00	0.00	0.00	0.00	-1	
4389373753	SMP	1	0.00	0.00	0.00	0.00	-1	
4389423749	SMP	1	0.00	0.00	0.00	0.00	-1	
4389473985	SMP	1	0.00	0.00	0.00	0.00	-1	
4389523975	SMP	1	0.00	0.00	0.00	0.00	-1	
4389573996	SMP	1	0.00	0.00	0.00	0.00	-1	
4389623979	SMP	1	0.00	0.00	0.00	0.00	-1	
4389674054	SMP	1	0.00	0.00	0.00	0.00	-1	
4389724041	SMP	1	0.00	0.00	0.00	0.00	-1	
4389774088	SMP	1	0.00	0.00	0.00	0.00	-1	
4389824646	SMP	1	0.00	0.00	0.00	0.00	-1	
4389874049	SMP	1	0.00	0.00	0.00	0.00	-1	
4389924068	SMP	1	0.00	0.00	0.00	0.00	-1	
4389974334	SMP	1	0.00	0.00	0.00	0.00	-1	
4390024128	SMP	1	0.00	0.00	0.00	0.00	-1	
4390074159	SMP	1	0.00	0.00	0.00	0.00	-1	
4390124176	SMP	1	0.00	0.00	0.00	0.00	-1	
4390174151	SMP	1	0.00	0.00	0.00	0.00	-1	
4390224243	SMP	1	0.00	0.00	0.00	0.00	-1	
4390274329	SMP	1	0.00	0.00	0.00	0.00	-1	
4390324410	SMP	1	0.00	0.00	0.00	0.00	-1	
4390374312	SMP	1	0.00	0.00	0.00	0.00	-1	
4390424451	SMP	1	0.00	0.00	0.00	0.00	-1	
4390474442	SMP	1	0.00	0.00	0.00	0.00	-1	
4390524520	SMP	1	0.00	0.00	0.00	0.00	-1	
4390574534	SMP	1	0.00	0.00	0.00	0.00	-1	
4390624411	SMP	1	0.00	0.00	0.00	0.00	-1	
4390674427	SMP	1	0.00	0.00	0.00	0.00	-1	
4390724561	SMP	1	0.00	0.00	0.00	0.00	-1	
4390774691	SMP	1	0.00	0.00	0.00	0.00	-1	
4390824573	SMP	1	0.00	0.00	0.00	0.00	-1	
4390874571	SMP	1	0.00	0.00	0.00	0.00	-1	
4390924640	SMP	1	0.00	0.00	0.00	0.00	-1	
4390974592	SMP	1	0.00	0.00	0.00	0.00	-1	
4391024573	SMP	1	0.00	0.00	0.00	0.00	-1	
4391074626	SMP	1	0.00	0.00	0.00	0.00	-1	
4391124607	SMP	1	0.00	0.00	0.00	0.00	-1	
4391174797	SMP	1	0.00	0.00	0.00	0.00	-1	
4391224800	SMP	1	0.00	0.00	0.00	0.00	-1	
4391274784	SMP	1	0.00	0.00	0.00	0.00	-1	
4391324960	SMP	1	0.00	0.00	0.00	0.00	-1	
4391374734	SMP	1	0.00	0.00	0.00	0.00	-1	
4391424932	SMP	1	0.00	0.00	0.00	0.00	-1	
4391474866	SMP	1	0.00	0.00	0.00	0.00	-1	
4391524887	SMP	1	0.00	0.00	0.00	0.00	-1	
4391575005	SMP	1	0.00	0.00	0.00	0.00	-1	
4391624792	SMP	1	0.00	0.00	0.00	0.00	-1	
4391675139	SMP	1	0.00	0.00	0.00	0.00	-1	
4391725101	SMP	1	0.00	0.00	0.00	0.00	-1	
4391775017	SMP	1	0.00	0.00	0.00	0.00	-1	
4391824970	SMP	1	0.00	0.00	0.00	0.00	-1	
4391874993	SMP	1	0.00	0.00	0.00	0.00	-1	
4391925064	SMP	1	0.00	0.00	0.00	0.00	-1	
4391975236	SMP	1	0.00	0.00	0.00	0.00	-1	
4392025131	SMP	1	0.00	0.00	0.00	0.00	-1	
4392075155	SMP	1	0.00	0.00	0.00	0.00	-1	
4392125190	SMP	1	0.00	0.00	0.00	0.00	-1	
4392175161	SMP	1	0.00	0.00	0.00	0.00	-1	
4392225205	SMP	1	0.00	0.00	0.00	0.00	-1	
4392275182	SMP	1	0.00	0.00	0.00	0.00	-1	
4392325257	SMP	1	0.00	0.00	0.00	0.00	-1	
4392375288	SMP	1	0.00	0.00	0.00	0.00	-1	
4392425363	SMP	1	0.00	0.00	0.00	0.00	-1	
4392475427	SMP	1	0.00	0.00	0.00	0.00	-1	
4392525394	SMP	1	0.00	0.00	0.00	0.00	-1	
4392575417	SMP	1	0.00	0.00	0.00	0.00	-1	
4392625404	SMP	1	0.00	0.00	0.00	0.00	-1	
4392675483	SMP	1	0.00	0.00	0.00	0.00	-1	
4392725477	SMP	1	0.00	0.00	0.00	0.00	-1	
4392775454	SMP	1	0.00	0.00	0.00	0.00	-1	
4392825527	SMP	1	0.00	0.00	0.00	0.00	-1	
4392875669	SMP	1	0.00	0.00	0.00	0.00	-1	
4392925540	SMP	1	0.00	0.00	0.00	0.00	-1	
4392975615	SMP	1	0.00	0.00	0.00	0.00	-1	
4393025592	SMP	1	0.00	0.00	0.00	0.00	-1	
4393075551	SMP	1	0.00	0.00	0.00	0.00	-1	
4393125572	SMP	1	0.00	0.00	0.00	0.00	-1	
4393175710	SMP	1	0.00	0.00	0.00	0.00	-1	
4393225705	SMP	1	0.00	0.00	0.00	0.00	-1	
4393275845	SMP	1	0.00	0.00	0.00	0.00	-1	
4393325680	SMP	1	0.00	0.00	0.00	0.00	-1	
4393375656	SMP	1	0.00	0.00	0.00	0.00	-1	
4393425841	SMP	1	0.00	0.00	0.00	0.00	-1	
4393476125	SMP	1	0.00	0.00	0.00	0.00	-1	
4393525909	SMP	1	0.00	0.00	0.00	0.00	-1	
4393575814	SMP	1	0.00	0.00	0.00	0.00	-1	
4393625844	SMP	1	0.00	0.00	0.00	0.00	-1	
4393676023	SMP	1	0.00	0.00	0.00	0.00	-1	
4393725980	SMP	1	0.00	0.00	0.00	0.00	-1	
4393775975	SMP	1	0.00	0.00	0.00	0.00	-1	
4393825939	SMP	1	0.00	0.00	0.00	0.00	-1	
4393875923	SMP	1	0.00	0.00	0.00	0.00	-1	
4393926013	SMP	1	0.00	0.00	0.00	0.00	-1	
4393976163	SMP	1	0.00	0.00	0.00	0.00	-1	
4394026083	SMP	1	0.00	0.00	0.00	0.00	-1	
4394076083	SMP	1	0.00	0.00	0.00	0.00	-1	
4394126093	SMP	1	0.00	0.00	0.00	0.00	-1	
4394176112	SMP	1	0.00	0.00	0.00	0.00	-1	
4394226159	SMP	1	0.00	0.00	0.00	0.00	-1	
4394276138	SMP	1	0.00	0.00	0.00	0.00	-1	
4394326253	SMP	1	0.00	0.00	0.00	0.00	-1	
4394376247	SMP	1	0.00	0.00	0.00	0.00	-1	
4394426220	SMP	1	0.00	0.00	0.00	0.00	-1	
4394476353	SMP	1	0.00	0.00	0.00	0.00	-1	
4394526333	SMP	1	0.00	0.00	0.00	0.00	-1	
4394576279	SMP	1	0.00	0.00	0.00	0.00	-1	
4394626331	SMP	1	0.00	0.00	0.00	0.00	-1	
4394676300	SMP	1	0.00	0.00	0.00	0.00	-1	
4394726414	SMP	1	0.00	0.00	0.00	0.00	-1	
4394776517	SMP	1	0.00	0.00	0.00	0.00	-1	
4394826489	SMP	1	0.00	0.00	0.00	0.00	-1	
4394876864	SMP	1	0.00	0.00	0.00	0.00	-1	
4394926537	SMP	1	0.00	0.00	0.00	0.00	-1	
4394976543	SMP	1	0.00	0.00	0.00	0.00	-1	
4395026536	SMP	1	0.00	0.00	0.00	0.00	-1	
4395076541	SMP	1	0.00	0.00	0.00	0.00	-1	
4395126552	SMP	1	0.00	0.00	0.00	0.00	-1	
4395176681	SMP	1	0.00	0.00	0.00	0.00	-1	
4395226667	SMP	1	0.00	0.00	0.00	0.00	-1	
4395276662	SMP	1	0.00	0.00	0.00	0.00	-1	
4395326700	SMP	1	0.00	0.00	0.00	0.00	-1	
4395376674	SMP	1	0.00	0.00	0.00	0.00	-1	
4395426695	SMP	1	0.00	0.00	0.00	0.00	-1	
4395476797	SMP	1	0.00	0.00	0.00	0.00	-1	
4395527326	SMP	1	0.00	0.00	0.00	0.00	-1	
4395576786	SMP	1	0.00	0.00	0.00	0.00	-1	
4395626784	SMP	1	0.00	0.00	0.00	0.00	-1	
4395676994	SMP	1	0.00	0.00	0.00	0.00	-1	
4395726947	SMP	1	0.00	0.00	0.00	0.00	-1	
4395776910	SMP	1	0.00	0.00	0.00	0.00	-1	
4395826933	SMP	1	0.00	0.00	0.00	0.00	-1	
4395877020	SMP	1	0.00	0.00	0.00	0.00	-1	
4395926999	SMP	1	0.00	0.00	0.00	0.00	-1	
4395977184	SMP	1	0.00	0.00	0.00	0.00	-1	
4396027028	SMP	1	0.00	0.00	0.00	0.00	-1	
4396077108	SMP	1	0.00	0.00	0.00	0.00	-1	
4396127071	SMP	1	0.00	0.00	0.00	0.00	-1	
4396177353	SMP	1	0.00	0.00	0.00	0.00	-1	
4396227134	SMP	1	0.00	0.00	0.00	0.00	-1	
4396277071	SMP	1	0.00	0.00	0.00	0.00	-1	
4396327258	SMP	1	0.00	0.00	0.00	0.00	-1	
4396377164	SMP	1	0.00	0.00	0.00	0.00	-1	
4396427264	SMP	1	0.00	0.00	0.00	0.00	-1	
4396477282	SMP	1	0.00	0.00	0.00	0.00	-1	
4396527293	SMP	1	0.00	0.00	0.00	0.00	-1	
4396577308	SMP	1	0.00	0.00	0.00	0.00	-1	
4396627294	SMP	1	0.00	0.00	0.00	0.00	-1	
4396677403	SMP	1	0.00	0.00	0.00	0.00	-1	
4396727357	SMP	1	0.00	0.00	0.00	0.00	-1	
4396777376	SMP	1	0.00	0.00	0.00	0.00	-1	
4396827402	SMP	1	0.00	0.00	0.00	0.00	-1	
4396877586	SMP	1	0.00	0.00	0.00	0.00	-1	
4396927511	SMP	1	0.00	0.00	0.00	0.00	-1	
4396977449	SMP	1	0.00	0.00	0.00	0.00	-1	
4397027504	SMP	1	0.00	0.00	0.00	0.00	-1	
4397077491	SMP	1	0.00	0.00	0.00	0.00	-1	
4397127541	SMP	1	0.00	0.00	0.00	0.00	-1	
4397177648	SMP	1	0.00	0.00	0.00	0.00	-1	
4397227617	SMP	1	0.00	0.00	0.00	0.00	-1	
4397277633	SMP	1	0.00	0.00	0.00	0.00	-1	
4397327651	SMP	1	0.00	0.00	0.00	0.00	-1	
4397378213	SMP	1	0.00	0.00	0.00	0.00	-1	
4397427710	SMP	1	0.00	0.00	0.00	0.00	-1	
4397478026	SMP	1	0.00	0.00	0.00	0.00	-1	
4397527775	SMP	1	0.00	0.00	0.00	0.00	-1	
4397577734	SMP	1	0.00	0.00	0.00	0.00	-1	
4397627738	SMP	1	0.00	0.00	0.00	0.00	-1	
4397677881	SMP	1	0.00	0.00	0.00	0.00	-1	
4397727888	SMP	1	0.00	0.00	0.00	0.00	-1	
4397777836	SMP	1	0.00	0.00	0.00	0.00	-1	
4397827894	SMP	1	0.00	0.00	0.00	0.00	-1	
4397877917	SMP	1	0.00	0.00	0.00	0.00	-1	
4397928099	SMP	1	0.00	0.00	0.00	0.00	-1	
4397977979	SMP	1	0.00	0.00	0.00	0.00	-1	
4398028000	SMP	1	0.00	0.00	0.00	0.00	-1	
4398077999	SMP	1	0.00	0.00	0.00	0.00	-1	
4398128027	SMP	1	0.00	0.00	0.00	0.00	-1	
4398178183	SMP	1	0.00	0.00	0.00	0.00	-1	
4398228527	SMP	1	0.00	0.00	0.00	0.00	-1	
4398278441	SMP	1	0.00	0.00	0.00	0.00	-1	
4398328118	SMP	1	0.00	0.00	0.00	0.00	-1	
4398378195	SMP	1	0.00	0.00	0.00	0.00	-1	
4398428241	SMP	1	0.00	0.00	0.00	0.00	-1	
4398478702	SMP	1	0.00	0.00	0.00	0.00	-1	
4398528245	SMP	1	0.00	0.00	0.00	0.00	-1	
4398578248	SMP	1	0.00	0.00	0.00	0.00	-1	
4398628244	SMP	1	0.00	0.00	0.00	0.00	-1	
4398678469	SMP	1	0.00	0.00	0.00	0.00	-1	
4398728331	SMP	1	0.00	0.00	0.00	0.00	-1	
4398778330	SMP	1	0.00	0.00	0.00	0.00	-1	
4398828348	SMP	1	0.00	0.00	0.00	0.00	-1	
4398878438	SMP	1	0.00	0.00	0.00	0.00	-1	
4398928532	SMP	1	0.00	0.00	0.00	0.00	-1	
4398978479	SMP	1	0.00	0.00	0.00	0.00	-1	
4399028463	SMP	1	0.00	0.00	0.00	0.00	-1	
4399078698	SMP	1	0.00	0.00	0.00	0.00	-1	
4399128489	SMP	1	0.00	0.00	0.00	0.00	-1	
4399178617	SMP	1	0.00	0.00	0.00	0.00	-1	
4399228628	SMP	1	0.00	0.00	0.00	0.00	-1	
4399278502	SMP	1	0.00	0.00	0.00	0.00	-1	
4399328617	SMP	1	0.00	0.00	0.00	0.00	-1	
4399378673	SMP	1	0.00	0.00	0.00	0.00	-1	
4399428753	SMP	1	0.00	0.00	0.00	0.00	-1	
4399478991	SMP	1	0.00	0.00	0.00	0.00	-1	
4399528858	SMP	1	0.00	0.00	0.00	0.00	-1	
4399578712	SMP	1	0.00	0.00	0.00	0.00	-1	
4399628710	SMP	1	0.00	0.00	0.00	0.00	-1	
4399678891	SMP	1	0.00	0.00	0.00	0.00	-1	
4399728899	SMP	1	0.00	0.00	0.00	0.00	-1	
4399778840	SMP	1	0.00	0.00	0.00	0.00	-1	
4399828785	SMP	1	0.00	0.00	0.00	0.00	-1	
4399879351	SMP	1	0.00	0.00	0.00	0.00	-1	
4399928958	SMP	1	0.00	0.00	0.00	0.00	-1	
4399978970	SMP	1	0.00	0.00	0.00	0.00	-1	
4400029034	SMP	1	0.00	0.00	0.00	0.00	-1	
4400078983	SMP	1	0.00	0.00	0.00	0.00	-1	
4400129084	SMP	1	0.00	0.00	0.00	0.00	-1	
4400179055	SMP	1	0.00	0.00	0.00	0.00	-1	
4400229117	SMP	1	0.00	0.00	0.00	0.00	-1	
4400279254	SMP	1	0.00	0.00	0.00	0.00	-1	
4400329100	SMP	1	0.00	0.00	0.00	0.00	-1	
4400379783	SMP	1	0.00	0.00	0.00	0.00	-1	
4400429303	SMP	1	0.00	0.00	0.00	0.00	-1	
4400479165	SMP	1	0.00	0.00	0.00	0.00	-1	
4400529220	SMP	1	0.00	0.00	0.00	0.00	-1	
4400579620	SMP	1	0.00	0.00	0.00	0.00	-1	
4400629226	SMP	1	0.00	0.00	0.00	0.00	-1	
4400679769	SMP	1	0.00	0.00	0.00	0.00	-1	
4400729299	SMP	1	0.00	0.00	0.00	0.00	-1	
4400779887	SMP	1	0.00	0.00	0.00	0.00	-1	
4400829371	SMP	1	0.00	0.00	0.00	0.00	-1	
4400879423	SMP	1	0.00	0.00	0.00	0.00	-1	
4400929482	SMP	1	0.00	0.00	0.00	0.00	-1	
4400979481	SMP	1	0.00	0.00	0.00	0.00	-1	
4401029426	SMP	1	0.00	0.00	0.00	0.00	-1	
4401079629	SMP	1	0.00	0.00	0.00	0.00	-1	
4401129520	SMP	1	0.00	0.00	0.00	0.00	-1	
4401179552	SMP	1	0.00	0.00	0.00	0.00	-1	
4401229552	SMP	1	0.00	0.00	0.00	0.00	-1	
4401279537	SMP	1	0.00	0.00	0.00	0.00	-1	
4401329574	SMP	1	0.00	0.00	0.00	0.00	-1	
4401379664	SMP	1	0.00	0.00	0.00	0.00	-1	
4401429956	SMP	1	0.00	0.00	0.00	0.00	-1	
4401480975	SMP	1	0.00	0.00	0.00	0.00	-1	
4401529697	SMP	1	0.00	0.00	0.00	0.00	-1	
4401579745	SMP	1	0.00	0.00	0.00	0.00	-1	
4401629780	SMP	1	0.00	0.00	0.00	0.00	-1	
4401680398	SMP	1	0.00	0.00	0.00	0.00	-1	
4401729861	SMP	1	0.00	0.00	0.00	0.00	-1	
4401779757	SMP	1	0.00	0.00	0.00	0.00	-1	
4401830079	SMP	1	0.00	0.00	0.00	0.00	-1	
4401880392	SMP	1	0.00	0.00	0.00	0.00	-1	
4401929917	SMP	1	0.00	0.00	0.00	0.00	-1	
4401979915	SMP	1	0.00	0.00	0.00	0.00	-1	
4402029953	SMP	1	0.00	0.00	0.00	0.00	-1	
4402079849	SMP	1	0.00	0.00	0.00	0.00	-1	
4402130092	SMP	1	0.00	0.00	0.00	0.00	-1	
4402180004	SMP	1	0.00	0.00	0.00	0.00	-1	
4402230324	SMP	1	0.00	0.00	0.00	0.00	-1	
4402280158	SMP	1	0.00	0.00	0.00	0.00	-1	
4402330062	SMP	1	0.00	0.00	0.00	0.00	-1	
4402380255	SMP	1	0.00	0.00	0.00	0.00	-1	
4402430201	SMP	1	0.00	0.00	0.00	0.00	-1	
4402480408	SMP	1	0.00	0.00	0.00	0.00	-1	
4402530183	SMP	1	0.00	0.00	0.00	0.00	-1	
4402580238	SMP	1	0.00	0.00	0.00	0.00	-1	
4402630412	SMP	1	0.00	0.00	0.00	0.00	-1	
4402680528	SMP	1	0.00	0.00	0.00	0.00	-1	
4402730301	SMP	1	0.00	0.00	0.00	0.00	-1	
4402780271	SMP	1	0.00	0.00	0.00	0.00	-1	
4402830322	SMP	1	0.00	0.00	0.00	0.00	-1	
4402880362	SMP	1	0.00	0.00	0.00	0.00	-1	
4402930413	SMP	1	0.00	0.00	0.00	0.00	-1	
4402980741	SMP	1	0.00	0.00	0.00	0.00	-1	
4403030697	SMP	1	0.00	0.00	0.00	0.00	-1	
4403080532	SMP	1	0.00	0.00	0.00	0.00	-1	
4403130498	SMP	1	0.00	0.00	0.00	0.00	-1	
4403180555	SMP	1	0.00	0.00	0.00	0.00	-1	
4403230758	SMP	1	0.00	0.00	0.00	0.00	-1	
4403280494	SMP	1	0.00	0.00	0.00	0.00	-1	
4403330557	SMP	1	0.00	0.00	0.00	0.00	-1	
4403380727	SMP	1	0.00	0.00	0.00	0.00	-1	
4403431117	SMP	1	0.00	0.00	0.00	0.00	-1	
4403480868	SMP	1	0.00	0.00	0.00	0.00	-1	
4403530673	SMP	1	0.00	0.00	0.00	0.00	-1	
4403580608	SMP	1	0.00	0.00	0.00	0.00	-1	
4403630758	SMP	1	0.00	0.00	0.00	0.00	-1	
4403680942	SMP	1	0.00	0.00	0.00	0.00	-1	
4403730801	SMP	1	0.00	0.00	0.00	0.00	-1	
4403780809	SMP	1	0.00	0.00	0.00	0.00	-1	
4403831214	SMP	1	0.00	0.00	0.00	0.00	-1	
4403881034	SMP	1	0.00	0.00	0.00	0.00	-1	
4403930907	SMP	1	0.00	0.00	0.00	0.00	-1	
4403980899	SMP	1	0.00	0.00	0.00	0.00	-1	
4404031172	SMP	1	0.00	0.00	0.00	0.00	-1	
4404080875	SMP	1	0.00	0.00	0.00	0.00	-1	
4404131012	SMP	1	0.00	0.00	0.00	0.00	-1	
4404181015	SMP	1	0.00	0.00	0.00	0.00	-1	
4404231346	SMP	1	0.00	0.00	0.00	0.00	-1	
4404281244	SMP	1	0.00	0.00	0.00	0.00	-1	
4404331051	SMP	1	0.00	0.00	0.00	0.00	-1	
4404381128	SMP	1	0.00	0.00	0.00	0.00	-1	
4404431169	SMP	1	0.00	0.00	0.00	0.00	-1	
4404481098	SMP	1	0.00	0.00	0.00	0.00	-1	
4404531142	SMP	1	0.00	0.00	0.00	0.00	-1	
4404581166	SMP	1	0.00	0.00	0.00	0.00	-1	
4404631264	SMP	1	0.00	0.00	0.00	0.00	-1	
4404681546	SMP	1	0.00	0.00	0.00	0.00	-1	
4404731435	SMP	1	0.00	0.00	0.00	0.00	-1	
4404781255	SMP	1	0.00	0.00	0.00	0.00	-1	
4404831370	SMP	1	0.00	0.00	0.00	0.00	-1	
4404881340	SMP	1	0.00	0.00	0.00	0.00	-1	
4404931392	SMP	1	0.00	0.00	0.00	0.00	-1	
4404981265	SMP	1	0.00	0.00	0.00	0.00	-1	
4405031418	SMP	1	0.00	0.00	0.00	0.00	-1	
4405081721	SMP	1	0.00	0.00	0.00	0.00	-1	
4405131473	SMP	1	0.00	0.00	0.00	0.00	-1	
4405181690	SMP	1	0.00	0.00	0.00	0.00	-1	
4405231494	SMP	1	0.00	0.00	0.00	0.00	-1	
4405281453	SMP	1	0.00	0.00	0.00	0.00	-1	
4405331500	SMP	1	0.00	0.00	0.00	0.00	-1	
4405381815	SMP	1	0.00	0.00	0.00	0.00	-1	
4405431719	SMP	1	0.00	0.00	0.00	0.00	-1	
4405482036	SMP	1	0.00	0.00	0.00	0.00	-1	
4405531590	SMP	1	0.00	0.00	0.00	0.00	-1	
4405581725	SMP	1	0.00	0.00	0.00	0.00	-1	
4405631722	SMP	1	0.00	0.00	0.00	0.00	-1	
4405682284	SMP	1	0.00	0.00	0.00	0.00	-1	
4405731778	SMP	1	0.00	0.00	0.00	0.00	-1	
4405781957	SMP	1	0.00	0.00	0.00	0.00	-1	
4405832023	SMP	1	0.00	0.00	0.00	0.00	-1	
4405882777	SMP	1	0.00	0.00	0.00	0.00	-1	
4405931874	SMP	1	0.00	0.00	0.00	0.00	-1	
4405981890	SMP	1	0.00	0.00	0.00	0.00	-1	
4406031871	SMP	1	0.00	0.00	0.00	0.00	-1	
4406082635	SMP	1	0.00	0.00	0.00	0.00	-1	
4406132003	SMP	1	0.00	0.00	0.00	0.00	-1	
4406182731	SMP	1	0.00	0.00	0.00	0.00	-1	
4406232237	SMP	1	0.00	0.00	0.00	0.00	-1	
4406282205	SMP	1	0.00	0.00	0.00	0.00	-1	
4406332019	SMP	1	0.00	0.00	0.00	0.00	-1	
4406382070	SMP	1	0.00	0.00	0.00	0.00	-1	
4406432473	SMP	1	0.00	0.00	0.00	0.00	-1	
4406482075	SMP	1	0.00	0.00	0.00	0.00	-1	
4406532124	SMP	1	0.00	0.00	0.00	0.00	-1	
4406582366	SMP	1	0.00	0.00	0.00	0.00	-1	
4406632450	SMP	1	0.00	0.00	0.00	0.00	-1	
4406683186	SMP	1	0.00	0.00	0.00	0.00	-1	
4406732214	SMP	1	0.00	0.00	0.00	0.00	-1	
4406782247	SMP	1	0.00	0.00	0.00	0.00	-1	
4406832224	SMP	1	0.00	0.00	0.00	0.00	-1	
4406882310	SMP	1	0.00	0.00	0.00	0.00	-1	
4406932551	SMP	1	0.00	0.00	0.00	0.00	-1	
4406982289	SMP	1	0.00	0.00	0.00	0.00	-1	
4407032535	SMP	1	0.00	0.00	0.00	0.00	-1	
4407082555	SMP	1	0.00	0.00	0.00	0.00	-1	
4407132456	SMP	1	0.00	0.00	0.00	0.00	-1	
4407182463	SMP	1	0.00	0.00	0.00	0.00	-1	
4407232499	SMP	1	0.00	0.00	0.00	0.00	-1	
4407282607	SMP	1	0.00	0.00	0.00	0.00	-1	
4407332597	SMP	1	0.00	0.00	0.00	0.00	-1	
4407382530	SMP	1	0.00	0.00	0.00	0.00	-1	
4407432977	SMP	1	0.00	0.00	0.00	0.00	-1	
4407483282	SMP	1	0.00	0.00	0.00	0.00	-1	
4407532577	SMP	1	0.00	0.00	0.00	0.00	-1	
4407582630	SMP	1	0.00	0.00	0.00	0.00	-1	
4407632698	SMP	1	0.00	0.00	0.00	0.00	-1	
4407682747	SMP	1	0.00	0.00	0.00	0.00	-1	
4407732731	SMP	1	0.00	0.00	0.00	0.00	-1	
4407782890	SMP	1	0.00	0.00	0.00	0.00	-1	
4407832782	SMP	1	0.00	0.00	0.00	0.00	-1	
4407883106	SMP	1	0.00	0.00	0.00	0.00	-1	
4407932832	SMP	1	0.00	0.00	0.00	0.00	-1	
4407983321	SMP	1	0.00	0.00	0.00	0.00	-1	
4408032854	SMP	1	0.00	0.00	0.00	0.00	-1	
4408083277	SMP	1	0.00	0.00	0.00	0.00	-1	
4408132959	SMP	1	0.00	0.00	0.00	0.00	-1	
4408183048	SMP	1	0.00	0.00	0.00	0.00	-1	
4408233034	SMP	1	0.00	0.00	0.00	0.00	-1	
4408283124	SMP	1	0.00	0.00	0.00	0.00	-1	
4408333017	SMP	1	0.00	0.00	0.00	0.00	-1	
4408383180	SMP	1	0.00	0.00	0.00	0.00	-1	
4408433434	SMP	1	0.00	0.00	0.00	0.00	-1	
4408483115	SMP	1	0.00	0.00	0.00	0.00	-1	
4408533090	SMP	1	0.00	0.00	0.00	0.00	-1	
4408583296	SMP	1	0.00	0.00	0.00	0.00	-1	
4408633294	SMP	1	0.00	0.00	0.00	0.00	-1	
4408684256	SMP	1	0.00	0.00	0.00	0.00	-1	
4408733167	SMP	1	0.00	0.00	0.00	0.00	-1	
4408783322	SMP	1	0.00	0.00	0.00	0.00	-1	
4408833291	SMP	1	0.00	0.00	0.00	0.00	-1	
4408883466	SMP	1	0.00	0.00	0.00	0.00	-1	
4408933289	SMP	1	0.00	0.00	0.00	0.00	-1	
4408983677	SMP	1	0.00	0.00	0.00	0.00	-1	
4409033388	SMP	1	0.00	0.00	0.00	0.00	-1	
4409083556	SMP	1	0.00	0.00	0.00	0.00	-1	
4409133433	SMP	1	0.00	0.00	0.00	0.00	-1	
4409183842	SMP	1	0.00	0.00	0.00	0.00	-1	
4409233421	SMP	1	0.00	0.00	0.00	0.00	-1	
4409283370	SMP	1	0.00	0.00	0.00	0.00	-1	
4409333560	SMP	1	0.00	0.00	0.00	0.00	-1	
4409384079	SMP	1	0.00	0.00	0.00	0.00	-1	
4409433985	SMP	1	0.00	0.00	0.00	0.00	-1	
4409483493	SMP	1	0.00	0.00	0.00	0.00	-1	
4409533496	SMP	1	0.00	0.00	0.00	0.00	-1	
4409583970	SMP	1	0.00	0.00	0.00	0.00	-1	
4409633832	SMP	1	0.00	0.00	0.00	0.00	-1	
4409683912	SMP	1	0.00	0.00	0.00	0.00	-1	
4409733668	SMP	1	0.00	0.00	0.00	0.00	-1	
4409784004	SMP	1	0.00	0.00	0.00	0.00	-1	
4409833806	SMP	1	0.00	0.00	0.00	0.00	-1	
4409884147	SMP	1	0.00	0.00	0.00	0.00	-1	
4409933794	SMP	1	0.00	0.00	0.00	0.00	-1	
4409984620	SMP	1	0.00	0.00	0.00	0.00	-1	
4410033856	SMP	1	0.00	0.00	0.00	0.00	-1	
4410084106	SMP	1	0.00	0.00	0.00	0.00	-1	
4410134032	SMP	1	0.00	0.00	0.00	0.00	-1	
4410184960	SMP	1	0.00	0.00	0.00	0.00	-1	
4410234035	SMP	1	0.00	0.00	0.00	0.00	-1	
4410283903	SMP	1	0.00	0.00	0.00	0.00	-1	
4410334161	SMP	1	0.00	0.00	0.00	0.00	-1	
4410384771	SMP	1	0.00	0.00	0.00	0.00	-1	
4410434098	SMP	1	0.00	0.00	0.00	0.00	-1	
4410484044	SMP	1	0.00	0.00	0.00	0.00	-1	
4410534294	SMP	1	0.00	0.00	0.00	0.00	-1	
4410584277	SMP	1	0.00	0.00	0.00	0.00	-1	
4410634310	SMP	1	0.00	0.00	0.00	0.00	-1	
4410685330	SMP	1	0.00	0.00	0.00	0.00	-1	
4410734178	SMP	1	0.00	0.00	0.00	0.00	-1	
4410784816	SMP	1	0.00	0.00	0.00	0.00	-1	
4410834328	SMP	1	0.00	0.00	0.00	0.00	-1	
4410884222	SMP	1	0.00	0.00	0.00	0.00	-1	
4410934265	SMP	1	0.00	0.00	0.00	0.00	-1	
4410985369	SMP	1	0.00	0.00	0.00	0.00	-1	
4411034537	SMP	1	0.00	0.00	0.00	0.00	-1	
4411085586	SMP	1	0.00	0.00	0.00	0.00	-1	
4411134610	SMP	1	0.00	0.00	0.00	0.00	-1	
4411184322	SMP	1	0.00	0.00	0.00	0.00	-1	
4411234461	SMP	1	0.00	0.00	0.00	0.00	-1	
4411285012	SMP	1	0.00	0.00	0.00	0.00	-1	
4411334719	SMP	1	0.00	0.00	0.00	0.00	-1	
4411384883	SMP	1	0.00	0.00	0.00	0.00	-1	
4411434528	SMP	1	0.00	0.00	0.00	0.00	-1	
4411485055	SMP	1	0.00	0.00	0.00	0.00	-1	
