## [iView]
## Converted from:	F:\transfer\to convert\negtracker5_1\101812_08-eye_data.idf
## Date:	18.10.2012 21:29:29
## Version:	IDF Converter 3.0.16
## IDF Version:	9
## Sample Rate:	120
## Separator Type:	Msg
## Trial Count:	1
## Uses Plane File:	False
## Number of Samples:	1432                                                                                                                                                                                                                                                            
## Reversed:	none
## [Run]
## Subject:	101812_08                                                                                                                                                                                                                                                       
## Description:	                                                                                                                                                                                                                                                                
## [Calibration]
## Calibration Type:	2-point
## Calibration Area:	1680	1050
## Calibration Point 0:	Position(335;210)
## Calibration Point 1:	Position(1343;840)
## [Geometry]
## Stimulus Dimension [mm]:	474	297
## Head Distance [mm]:	700
## [Hardware Setup]
## System ID:	IVR-X-1040-05197-SMU
## Operating System :	5.1
## iView X Version:	2.7.13
## [Filter Settings]
## Heuristic:	False
## Heuristic Stage:	0
## Bilateral:	True
## Gaze Cursor Filter:	True
## Saccade Length [px]:	80
## Filter Depth [ms]:	20
## Format:	LEFT, RIGHT, POR, MSG, FRAMECOUNTER
## 
Time	Type	Trial	L POR X [px]	L POR Y [px]	R POR X [px]	R POR Y [px]	Frame	Aux1
13430236302	SMP	1	0.00	0.00	0.00	0.00	-1	
13430286330	SMP	1	0.00	0.00	0.00	0.00	-1	
13430336414	SMP	1	0.00	0.00	0.00	0.00	-1	
13430386336	SMP	1	0.00	0.00	0.00	0.00	-1	
13430436426	SMP	1	0.00	0.00	0.00	0.00	-1	
13430486493	SMP	1	0.00	0.00	0.00	0.00	-1	
13430536416	SMP	1	0.00	0.00	0.00	0.00	-1	
13430586486	SMP	1	0.00	0.00	0.00	0.00	-1	
13430636487	SMP	1	0.00	0.00	0.00	0.00	-1	
13430686596	SMP	1	0.00	0.00	0.00	0.00	-1	
13430736648	SMP	1	0.00	0.00	0.00	0.00	-1	
13430786757	SMP	1	0.00	0.00	0.00	0.00	-1	
13430836527	SMP	1	0.00	0.00	0.00	0.00	-1	
13430886611	SMP	1	0.00	0.00	0.00	0.00	-1	
13430936692	SMP	1	0.00	0.00	0.00	0.00	-1	
13430986696	SMP	1	0.00	0.00	0.00	0.00	-1	
13431036722	SMP	1	0.00	0.00	0.00	0.00	-1	
13431086691	SMP	1	0.00	0.00	0.00	0.00	-1	
13431136899	SMP	1	0.00	0.00	0.00	0.00	-1	
13431186882	SMP	1	0.00	0.00	0.00	0.00	-1	
13431236857	SMP	1	0.00	0.00	0.00	0.00	-1	
13431286869	SMP	1	0.00	0.00	0.00	0.00	-1	
13431336849	SMP	1	0.00	0.00	0.00	0.00	-1	
13431815506	MSG	1	# Message: elmo_duck.avi
13431836990	SMP	1	0.00	0.00	0.00	0.00	-1	
13431887296	SMP	1	0.00	0.00	0.00	0.00	-1	
13431937375	SMP	1	0.00	0.00	0.00	0.00	-1	
13431987235	SMP	1	0.00	0.00	0.00	0.00	-1	
13432037126	SMP	1	0.00	0.00	0.00	0.00	-1	
13432087677	SMP	1	0.00	0.00	0.00	0.00	-1	
13432137278	SMP	1	0.00	0.00	0.00	0.00	-1	
13432187715	SMP	1	0.00	0.00	0.00	0.00	-1	
13432237259	SMP	1	0.00	0.00	0.00	0.00	-1	
13432287377	SMP	1	0.00	0.00	0.00	0.00	-1	
13432337343	SMP	1	0.00	0.00	0.00	0.00	-1	
13432387516	SMP	1	0.00	0.00	0.00	0.00	-1	
13432437485	SMP	1	0.00	0.00	0.00	0.00	-1	
13432487364	SMP	1	0.00	0.00	0.00	0.00	-1	
13432537412	SMP	1	0.00	0.00	0.00	0.00	-1	
13432587410	SMP	1	0.00	0.00	0.00	0.00	-1	
13432637409	SMP	1	0.00	0.00	0.00	0.00	-1	
13432687967	SMP	1	0.00	0.00	0.00	0.00	-1	
13432737690	SMP	1	0.00	0.00	0.00	0.00	-1	
13432787605	SMP	1	0.00	0.00	0.00	0.00	-1	
13432837531	SMP	1	0.00	0.00	0.00	0.00	-1	
13432887753	SMP	1	0.00	0.00	0.00	0.00	-1	
13432937632	SMP	1	0.00	0.00	0.00	0.00	-1	
13432987628	SMP	1	0.00	0.00	0.00	0.00	-1	
13433037673	SMP	1	0.00	0.00	0.00	0.00	-1	
13433088310	SMP	1	0.00	0.00	0.00	0.00	-1	
13433137896	SMP	1	0.00	0.00	0.00	0.00	-1	
13433187755	SMP	1	0.00	0.00	0.00	0.00	-1	
13433237754	SMP	1	0.00	0.00	0.00	0.00	-1	
13433287699	SMP	1	0.00	0.00	0.00	0.00	-1	
13433337780	SMP	1	0.00	0.00	0.00	0.00	-1	
13433388432	SMP	1	0.00	0.00	0.00	0.00	-1	
13433437855	SMP	1	0.00	0.00	0.00	0.00	-1	
13433488042	SMP	1	0.00	0.00	0.00	0.00	-1	
13433537853	SMP	1	0.00	0.00	0.00	0.00	-1	
13433587840	SMP	1	0.00	0.00	0.00	0.00	-1	
13433637997	SMP	1	0.00	0.00	0.00	0.00	-1	
13433688040	SMP	1	0.00	0.00	0.00	0.00	-1	
13433738015	SMP	1	0.00	0.00	0.00	0.00	-1	
13433788079	SMP	1	0.00	0.00	0.00	0.00	-1	
13433838060	SMP	1	0.00	0.00	0.00	0.00	-1	
13433889324	SMP	1	0.00	0.00	0.00	0.00	-1	
13433938387	SMP	1	0.00	0.00	0.00	0.00	-1	
13433988077	SMP	1	0.00	0.00	0.00	0.00	-1	
13434038077	SMP	1	0.00	0.00	0.00	0.00	-1	
13434088640	SMP	1	0.00	0.00	0.00	0.00	-1	
13434138262	SMP	1	0.00	0.00	0.00	0.00	-1	
13434188194	SMP	1	0.00	0.00	0.00	0.00	-1	
13434238238	SMP	1	0.00	0.00	0.00	0.00	-1	
13434288556	SMP	1	0.00	0.00	0.00	0.00	-1	
13434338430	SMP	1	0.00	0.00	0.00	0.00	-1	
13434388446	SMP	1	0.00	0.00	0.00	0.00	-1	
13434438329	SMP	1	0.00	0.00	0.00	0.00	-1	
13434488313	SMP	1	0.00	0.00	0.00	0.00	-1	
13434538403	SMP	1	0.00	0.00	0.00	0.00	-1	
13434589093	SMP	1	0.00	0.00	0.00	0.00	-1	
13434638533	SMP	1	0.00	0.00	0.00	0.00	-1	
13434688877	SMP	1	0.00	0.00	0.00	0.00	-1	
13434738654	SMP	1	0.00	0.00	0.00	0.00	-1	
13434788481	SMP	1	0.00	0.00	0.00	0.00	-1	
13434838531	SMP	1	0.00	0.00	0.00	0.00	-1	
13434888574	SMP	1	0.00	0.00	0.00	0.00	-1	
13434938642	SMP	1	0.00	0.00	0.00	0.00	-1	
13434988738	SMP	1	0.00	0.00	0.00	0.00	-1	
13435038569	SMP	1	0.00	0.00	0.00	0.00	-1	
13435088999	SMP	1	0.00	0.00	0.00	0.00	-1	
13435138972	SMP	1	0.00	0.00	0.00	0.00	-1	
13435188753	SMP	1	0.00	0.00	0.00	0.00	-1	
13435238768	SMP	1	0.00	0.00	0.00	0.00	-1	
13435289350	SMP	1	0.00	0.00	0.00	0.00	-1	
13435338820	SMP	1	0.00	0.00	0.00	0.00	-1	
13435388796	SMP	1	0.00	0.00	0.00	0.00	-1	
13435438861	SMP	1	0.00	0.00	0.00	0.00	-1	
13435489430	SMP	1	0.00	0.00	0.00	0.00	-1	
13435538996	SMP	1	0.00	0.00	0.00	0.00	-1	
13435589201	SMP	1	0.00	0.00	0.00	0.00	-1	
13435639067	SMP	1	0.00	0.00	0.00	0.00	-1	
13435689580	SMP	1	0.00	0.00	0.00	0.00	-1	
13435738978	SMP	1	0.00	0.00	0.00	0.00	-1	
13435789598	SMP	1	0.00	0.00	0.00	0.00	-1	
13435839044	SMP	1	0.00	0.00	0.00	0.00	-1	
13435889175	SMP	1	0.00	0.00	0.00	0.00	-1	
13435939137	SMP	1	0.00	0.00	0.00	0.00	-1	
13435989476	SMP	1	0.00	0.00	0.00	0.00	-1	
13436039113	SMP	1	0.00	0.00	0.00	0.00	-1	
13436089643	SMP	1	0.00	0.00	0.00	0.00	-1	
13436139231	SMP	1	0.00	0.00	0.00	0.00	-1	
13436189389	SMP	1	0.00	0.00	0.00	0.00	-1	
13436239160	SMP	1	0.00	0.00	0.00	0.00	-1	
13436289318	SMP	1	0.00	0.00	0.00	0.00	-1	
13436339284	SMP	1	0.00	0.00	0.00	0.00	-1	
13436389352	SMP	1	0.00	0.00	0.00	0.00	-1	
13436439344	SMP	1	0.00	0.00	0.00	0.00	-1	
13436489324	SMP	1	0.00	0.00	0.00	0.00	-1	
13436539363	SMP	1	0.00	0.00	0.00	0.00	-1	
13436589329	SMP	1	0.00	0.00	0.00	0.00	-1	
13436639625	SMP	1	0.00	0.00	0.00	0.00	-1	
13436689535	SMP	1	0.00	0.00	0.00	0.00	-1	
13436739465	SMP	1	0.00	0.00	0.00	0.00	-1	
13436789421	SMP	1	0.00	0.00	0.00	0.00	-1	
13436839489	SMP	1	0.00	0.00	0.00	0.00	-1	
13436889578	SMP	1	0.00	0.00	0.00	0.00	-1	
13436939641	SMP	1	0.00	0.00	0.00	0.00	-1	
13436990092	SMP	1	0.00	0.00	0.00	0.00	-1	
13437039744	SMP	1	0.00	0.00	0.00	0.00	-1	
13437089774	SMP	1	0.00	0.00	0.00	0.00	-1	
13437139820	SMP	1	0.00	0.00	0.00	0.00	-1	
13437190217	SMP	1	0.00	0.00	0.00	0.00	-1	
13437239705	SMP	1	0.00	0.00	0.00	0.00	-1	
13437289664	SMP	1	0.00	0.00	0.00	0.00	-1	
13437339754	SMP	1	0.00	0.00	0.00	0.00	-1	
13437389820	SMP	1	0.00	0.00	0.00	0.00	-1	
13437439876	SMP	1	0.00	0.00	0.00	0.00	-1	
13437492633	SMP	1	0.00	0.00	0.00	0.00	-1	
13437539847	SMP	1	0.00	0.00	0.00	0.00	-1	
13437590505	SMP	1	0.00	0.00	0.00	0.00	-1	
13437639993	SMP	1	0.00	0.00	0.00	0.00	-1	
13437690351	SMP	1	0.00	0.00	0.00	0.00	-1	
13437739942	SMP	1	0.00	0.00	0.00	0.00	-1	
13437789909	SMP	1	0.00	0.00	0.00	0.00	-1	
13437839970	SMP	1	0.00	0.00	0.00	0.00	-1	
13437890450	SMP	1	0.00	0.00	0.00	0.00	-1	
13437940085	SMP	1	0.00	0.00	0.00	0.00	-1	
13437990582	SMP	1	0.00	0.00	0.00	0.00	-1	
13438040068	SMP	1	0.00	0.00	0.00	0.00	-1	
13438090627	SMP	1	0.00	0.00	0.00	0.00	-1	
13438140642	SMP	1	0.00	0.00	0.00	0.00	-1	
13438190651	SMP	1	0.00	0.00	0.00	0.00	-1	
13438240216	SMP	1	0.00	0.00	0.00	0.00	-1	
13438290310	SMP	1	0.00	0.00	0.00	0.00	-1	
13438340335	SMP	1	0.00	0.00	0.00	0.00	-1	
13438390257	SMP	1	0.00	0.00	0.00	0.00	-1	
13438440301	SMP	1	0.00	0.00	0.00	0.00	-1	
13438490279	SMP	1	0.00	0.00	0.00	0.00	-1	
13438540329	SMP	1	0.00	0.00	0.00	0.00	-1	
13438590315	SMP	1	0.00	0.00	0.00	0.00	-1	
13438640446	SMP	1	0.00	0.00	0.00	0.00	-1	
13438691053	SMP	1	0.00	0.00	0.00	0.00	-1	
13438740454	SMP	1	0.00	0.00	0.00	0.00	-1	
13438790410	SMP	1	0.00	0.00	0.00	0.00	-1	
13438840448	SMP	1	0.00	0.00	0.00	0.00	-1	
13438890579	SMP	1	0.00	0.00	0.00	0.00	-1	
13438940550	SMP	1	0.00	0.00	0.00	0.00	-1	
13438991218	SMP	1	0.00	0.00	0.00	0.00	-1	
13439040604	SMP	1	0.00	0.00	0.00	0.00	-1	
13439091116	SMP	1	0.00	0.00	0.00	0.00	-1	
13439140829	SMP	1	0.00	0.00	0.00	0.00	-1	
13439191178	SMP	1	0.00	0.00	0.00	0.00	-1	
13439240669	SMP	1	0.00	0.00	0.00	0.00	-1	
13439291050	SMP	1	0.00	0.00	0.00	0.00	-1	
13439340712	SMP	1	0.00	0.00	0.00	0.00	-1	
13439391557	SMP	1	0.00	0.00	0.00	0.00	-1	
13439440757	SMP	1	0.00	0.00	0.00	0.00	-1	
13439491439	SMP	1	0.00	0.00	0.00	0.00	-1	
13439540818	SMP	1	0.00	0.00	0.00	0.00	-1	
13439590979	SMP	1	0.00	0.00	0.00	0.00	-1	
13439640888	SMP	1	0.00	0.00	0.00	0.00	-1	
13439691312	SMP	1	0.00	0.00	0.00	0.00	-1	
13439740915	SMP	1	0.00	0.00	0.00	0.00	-1	
13439791507	SMP	1	0.00	0.00	0.00	0.00	-1	
13439841007	SMP	1	0.00	0.00	0.00	0.00	-1	
13439891758	SMP	1	0.00	0.00	0.00	0.00	-1	
13439941077	SMP	1	0.00	0.00	0.00	0.00	-1	
13439991178	SMP	1	0.00	0.00	0.00	0.00	-1	
13440041042	SMP	1	0.00	0.00	0.00	0.00	-1	
13440091599	SMP	1	0.00	0.00	0.00	0.00	-1	
13440141151	SMP	1	0.00	0.00	0.00	0.00	-1	
13440191171	SMP	1	0.00	0.00	0.00	0.00	-1	
13440241152	SMP	1	0.00	0.00	0.00	0.00	-1	
13440291217	SMP	1	0.00	0.00	0.00	0.00	-1	
13440341354	SMP	1	0.00	0.00	0.00	0.00	-1	
13440391275	SMP	1	0.00	0.00	0.00	0.00	-1	
13440441254	SMP	1	0.00	0.00	0.00	0.00	-1	
13440491325	SMP	1	0.00	0.00	0.00	0.00	-1	
13440541314	SMP	1	0.00	0.00	0.00	0.00	-1	
13440591527	SMP	1	0.00	0.00	0.00	0.00	-1	
13440641336	SMP	1	0.00	0.00	0.00	0.00	-1	
13440692068	SMP	1	0.00	0.00	0.00	0.00	-1	
13440741445	SMP	1	0.00	0.00	0.00	0.00	-1	
13440791891	SMP	1	0.00	0.00	0.00	0.00	-1	
13440841408	SMP	1	0.00	0.00	0.00	0.00	-1	
13440891604	SMP	1	0.00	0.00	0.00	0.00	-1	
13440941541	SMP	1	0.00	0.00	0.00	0.00	-1	
13440991708	SMP	1	0.00	0.00	0.00	0.00	-1	
13441041483	SMP	1	0.00	0.00	0.00	0.00	-1	
13441091772	SMP	1	0.00	0.00	0.00	0.00	-1	
13441142188	SMP	1	0.00	0.00	0.00	0.00	-1	
13441191690	SMP	1	0.00	0.00	0.00	0.00	-1	
13441241643	SMP	1	0.00	0.00	0.00	0.00	-1	
13441291657	SMP	1	0.00	0.00	0.00	0.00	-1	
13441341792	SMP	1	0.00	0.00	0.00	0.00	-1	
13441391889	SMP	1	0.00	0.00	0.00	0.00	-1	
13441441788	SMP	1	0.00	0.00	0.00	0.00	-1	
13441491893	SMP	1	0.00	0.00	0.00	0.00	-1	
13441541832	SMP	1	0.00	0.00	0.00	0.00	-1	
13441591965	SMP	1	0.00	0.00	0.00	0.00	-1	
13441641909	SMP	1	0.00	0.00	0.00	0.00	-1	
13441691895	SMP	1	0.00	0.00	0.00	0.00	-1	
13441741876	SMP	1	0.00	0.00	0.00	0.00	-1	
13441791892	SMP	1	0.00	0.00	0.00	0.00	-1	
13441842024	SMP	1	0.00	0.00	0.00	0.00	-1	
13441893080	SMP	1	0.00	0.00	0.00	0.00	-1	
13441942041	SMP	1	0.00	0.00	0.00	0.00	-1	
13441992085	SMP	1	0.00	0.00	0.00	0.00	-1	
13442042033	SMP	1	0.00	0.00	0.00	0.00	-1	
13442092113	SMP	1	0.00	0.00	0.00	0.00	-1	
13442142150	SMP	1	0.00	0.00	0.00	0.00	-1	
13442192330	SMP	1	0.00	0.00	0.00	0.00	-1	
13442242121	SMP	1	0.00	0.00	0.00	0.00	-1	
13442292254	SMP	1	0.00	0.00	0.00	0.00	-1	
13442342161	SMP	1	0.00	0.00	0.00	0.00	-1	
13442392297	SMP	1	0.00	0.00	0.00	0.00	-1	
13442442261	SMP	1	0.00	0.00	0.00	0.00	-1	
13442492405	SMP	1	0.00	0.00	0.00	0.00	-1	
13442542316	SMP	1	0.00	0.00	0.00	0.00	-1	
13442592829	SMP	1	0.00	0.00	0.00	0.00	-1	
13442642355	SMP	1	0.00	0.00	0.00	0.00	-1	
13442692433	SMP	1	0.00	0.00	0.00	0.00	-1	
13442742394	SMP	1	0.00	0.00	0.00	0.00	-1	
13442792575	SMP	1	0.00	0.00	0.00	0.00	-1	
13442842451	SMP	1	0.00	0.00	0.00	0.00	-1	
13442892547	SMP	1	0.00	0.00	0.00	0.00	-1	
13442942792	SMP	1	0.00	0.00	0.00	0.00	-1	
13442992600	SMP	1	0.00	0.00	0.00	0.00	-1	
13443042694	SMP	1	0.00	0.00	0.00	0.00	-1	
13443092735	SMP	1	0.00	0.00	0.00	0.00	-1	
13443142650	SMP	1	0.00	0.00	0.00	0.00	-1	
13443192681	SMP	1	0.00	0.00	0.00	0.00	-1	
13443242646	SMP	1	0.00	0.00	0.00	0.00	-1	
13443292659	SMP	1	0.00	0.00	0.00	0.00	-1	
13443342973	SMP	1	0.00	0.00	0.00	0.00	-1	
13443392723	SMP	1	0.00	0.00	0.00	0.00	-1	
13443442767	SMP	1	0.00	0.00	0.00	0.00	-1	
13443492969	SMP	1	0.00	0.00	0.00	0.00	-1	
13443543473	SMP	1	0.00	0.00	0.00	0.00	-1	
13443592892	SMP	1	0.00	0.00	0.00	0.00	-1	
13443642891	SMP	1	0.00	0.00	0.00	0.00	-1	
13443693078	SMP	1	0.00	0.00	0.00	0.00	-1	
13443742935	SMP	1	0.00	0.00	0.00	0.00	-1	
13443792990	SMP	1	0.00	0.00	0.00	0.00	-1	
13443843003	SMP	1	0.00	0.00	0.00	0.00	-1	
13443893155	SMP	1	0.00	0.00	0.00	0.00	-1	
13443943015	SMP	1	0.00	0.00	0.00	0.00	-1	
13443992993	SMP	1	0.00	0.00	0.00	0.00	-1	
13444042986	SMP	1	0.00	0.00	0.00	0.00	-1	
13444093084	SMP	1	0.00	0.00	0.00	0.00	-1	
13444143432	SMP	1	0.00	0.00	0.00	0.00	-1	
13444193103	SMP	1	0.00	0.00	0.00	0.00	-1	
13444243074	SMP	1	0.00	0.00	0.00	0.00	-1	
13444293266	SMP	1	0.00	0.00	0.00	0.00	-1	
13444343266	SMP	1	0.00	0.00	0.00	0.00	-1	
13444393218	SMP	1	0.00	0.00	0.00	0.00	-1	
13444443209	SMP	1	0.00	0.00	0.00	0.00	-1	
13444493240	SMP	1	0.00	0.00	0.00	0.00	-1	
13444544082	SMP	1	0.00	0.00	0.00	0.00	-1	
13444593371	SMP	1	0.00	0.00	0.00	0.00	-1	
13444643352	SMP	1	0.00	0.00	0.00	0.00	-1	
13444693376	SMP	1	0.00	0.00	0.00	0.00	-1	
13444743458	SMP	1	0.00	0.00	0.00	0.00	-1	
13444793545	SMP	1	0.00	0.00	0.00	0.00	-1	
13444843456	SMP	1	0.00	0.00	0.00	0.00	-1	
13444893468	SMP	1	0.00	0.00	0.00	0.00	-1	
13444943643	SMP	1	0.00	0.00	0.00	0.00	-1	
13444993657	SMP	1	0.00	0.00	0.00	0.00	-1	
13445043566	SMP	1	0.00	0.00	0.00	0.00	-1	
13445093622	SMP	1	0.00	0.00	0.00	0.00	-1	
13445143600	SMP	1	0.00	0.00	0.00	0.00	-1	
13445193734	SMP	1	0.00	0.00	0.00	0.00	-1	
13445243634	SMP	1	0.00	0.00	0.00	0.00	-1	
13445293709	SMP	1	0.00	0.00	0.00	0.00	-1	
13445343750	SMP	1	0.00	0.00	0.00	0.00	-1	
13445393752	SMP	1	0.00	0.00	0.00	0.00	-1	
13445443710	SMP	1	0.00	0.00	0.00	0.00	-1	
13445493715	SMP	1	0.00	0.00	0.00	0.00	-1	
13445543794	SMP	1	0.00	0.00	0.00	0.00	-1	
13445593942	SMP	1	0.00	0.00	0.00	0.00	-1	
13445643876	SMP	1	0.00	0.00	0.00	0.00	-1	
13445693843	SMP	1	0.00	0.00	0.00	0.00	-1	
13445743852	SMP	1	0.00	0.00	0.00	0.00	-1	
13445793962	SMP	1	0.00	0.00	0.00	0.00	-1	
13445843973	SMP	1	0.00	0.00	0.00	0.00	-1	
13445893993	SMP	1	0.00	0.00	0.00	0.00	-1	
13445943990	SMP	1	0.00	0.00	0.00	0.00	-1	
13445993992	SMP	1	0.00	0.00	0.00	0.00	-1	
13446043933	SMP	1	0.00	0.00	0.00	0.00	-1	
13446094068	SMP	1	0.00	0.00	0.00	0.00	-1	
13446144243	SMP	1	0.00	0.00	0.00	0.00	-1	
13446194048	SMP	1	0.00	0.00	0.00	0.00	-1	
13446244081	SMP	1	0.00	0.00	0.00	0.00	-1	
13446294212	SMP	1	0.00	0.00	0.00	0.00	-1	
13446344219	SMP	1	0.00	0.00	0.00	0.00	-1	
13446394182	SMP	1	0.00	0.00	0.00	0.00	-1	
13446444173	SMP	1	0.00	0.00	0.00	0.00	-1	
13446494225	SMP	1	0.00	0.00	0.00	0.00	-1	
13446544145	SMP	1	0.00	0.00	0.00	0.00	-1	
13446594695	SMP	1	0.00	0.00	0.00	0.00	-1	
13446644320	SMP	1	0.00	0.00	0.00	0.00	-1	
13446694376	SMP	1	0.00	0.00	0.00	0.00	-1	
13446744355	SMP	1	0.00	0.00	0.00	0.00	-1	
13446794760	SMP	1	0.00	0.00	0.00	0.00	-1	
13446844448	SMP	1	0.00	0.00	0.00	0.00	-1	
13446894510	SMP	1	0.00	0.00	0.00	0.00	-1	
13446944444	SMP	1	0.00	0.00	0.00	0.00	-1	
13446994543	SMP	1	0.00	0.00	0.00	0.00	-1	
13447044527	SMP	1	0.00	0.00	0.00	0.00	-1	
13447094601	SMP	1	0.00	0.00	0.00	0.00	-1	
13447144581	SMP	1	0.00	0.00	0.00	0.00	-1	
13447194622	SMP	1	0.00	0.00	0.00	0.00	-1	
13447244588	SMP	1	0.00	0.00	0.00	0.00	-1	
13447294610	SMP	1	0.00	0.00	0.00	0.00	-1	
13447344635	SMP	1	0.00	0.00	0.00	0.00	-1	
13447394718	SMP	1	0.00	0.00	0.00	0.00	-1	
13447444690	SMP	1	0.00	0.00	0.00	0.00	-1	
13447494793	SMP	1	0.00	0.00	0.00	0.00	-1	
13447544696	SMP	1	0.00	0.00	0.00	0.00	-1	
13447594845	SMP	1	0.00	0.00	0.00	0.00	-1	
13447644813	SMP	1	0.00	0.00	0.00	0.00	-1	
13447694793	SMP	1	0.00	0.00	0.00	0.00	-1	
13447744775	SMP	1	0.00	0.00	0.00	0.00	-1	
13447794906	SMP	1	0.00	0.00	0.00	0.00	-1	
13447844918	SMP	1	0.00	0.00	0.00	0.00	-1	
13447894931	SMP	1	0.00	0.00	0.00	0.00	-1	
13447944954	SMP	1	0.00	0.00	0.00	0.00	-1	
13447994970	SMP	1	0.00	0.00	0.00	0.00	-1	
13448044978	SMP	1	0.00	0.00	0.00	0.00	-1	
13448094989	SMP	1	0.00	0.00	0.00	0.00	-1	
13448145060	SMP	1	0.00	0.00	0.00	0.00	-1	
13448194987	SMP	1	0.00	0.00	0.00	0.00	-1	
13448245064	SMP	1	0.00	0.00	0.00	0.00	-1	
13448295289	SMP	1	0.00	0.00	0.00	0.00	-1	
13448345339	SMP	1	0.00	0.00	0.00	0.00	-1	
13448395173	SMP	1	0.00	0.00	0.00	0.00	-1	
13448445156	SMP	1	0.00	0.00	0.00	0.00	-1	
13448495441	SMP	1	0.00	0.00	0.00	0.00	-1	
13448545211	SMP	1	0.00	0.00	0.00	0.00	-1	
13448618180	SMP	1	318.61	1012.41	318.61	1012.41	-1	
13448626282	SMP	1	669.99	562.30	669.99	562.30	-1	
13448634550	SMP	1	316.66	1104.81	316.66	1104.81	-1	
13448642942	SMP	1	306.64	1019.65	306.64	1019.65	-1	
13448651282	SMP	1	799.11	464.69	799.11	464.69	-1	
13448659675	SMP	1	357.31	1022.21	357.31	1022.21	-1	
13448667962	SMP	1	805.49	547.04	805.49	547.04	-1	
13448676315	SMP	1	835.62	553.14	835.62	553.14	-1	
13448684654	SMP	1	839.06	469.17	839.06	469.17	-1	
13448693081	SMP	1	0.00	0.00	0.00	0.00	-1	
13448701279	SMP	1	323.98	1069.26	323.98	1069.26	-1	
13448709702	SMP	1	905.64	461.32	905.64	461.32	-1	
13448718029	SMP	1	0.00	0.00	0.00	0.00	-1	
13448726404	SMP	1	0.00	0.00	0.00	0.00	-1	
13448735351	SMP	1	0.00	0.00	0.00	0.00	-1	
13448743068	SMP	1	0.00	0.00	0.00	0.00	-1	
13448751439	SMP	1	0.00	0.00	0.00	0.00	-1	
13448759616	SMP	1	0.00	0.00	0.00	0.00	-1	
13448769180	SMP	1	0.00	0.00	0.00	0.00	-1	
13448776419	SMP	1	0.00	0.00	0.00	0.00	-1	
13448784771	SMP	1	0.00	0.00	0.00	0.00	-1	
13448793065	SMP	1	0.00	0.00	0.00	0.00	-1	
13448801519	SMP	1	0.00	0.00	0.00	0.00	-1	
13448809807	SMP	1	0.00	0.00	0.00	0.00	-1	
13448818260	SMP	1	0.00	0.00	0.00	0.00	-1	
13448826402	SMP	1	0.00	0.00	0.00	0.00	-1	
13448834817	SMP	1	0.00	0.00	0.00	0.00	-1	
13448843200	SMP	1	0.00	0.00	0.00	0.00	-1	
13448851549	SMP	1	0.00	0.00	0.00	0.00	-1	
13448859803	SMP	1	0.00	0.00	0.00	0.00	-1	
13448868183	SMP	1	0.00	0.00	0.00	0.00	-1	
13448876578	SMP	1	0.00	0.00	0.00	0.00	-1	
13448884805	SMP	1	0.00	0.00	0.00	0.00	-1	
13448893126	SMP	1	0.00	0.00	0.00	0.00	-1	
13448901569	SMP	1	295.25	1109.84	295.25	1109.84	-1	
13448909949	SMP	1	0.00	0.00	0.00	0.00	-1	
13448918142	SMP	1	0.00	0.00	0.00	0.00	-1	
13448926512	SMP	1	0.00	0.00	0.00	0.00	-1	
13448943291	SMP	1	0.00	0.00	0.00	0.00	-1	
13448951535	SMP	1	0.00	0.00	0.00	0.00	-1	
13448959907	SMP	1	0.00	0.00	0.00	0.00	-1	
13448968513	SMP	1	0.00	0.00	0.00	0.00	-1	
13448976679	SMP	1	0.00	0.00	0.00	0.00	-1	
13448984933	SMP	1	0.00	0.00	0.00	0.00	-1	
13448993284	SMP	1	0.00	0.00	0.00	0.00	-1	
13449001673	SMP	1	0.00	0.00	0.00	0.00	-1	
13449010061	SMP	1	0.00	0.00	0.00	0.00	-1	
13449018371	SMP	1	0.00	0.00	0.00	0.00	-1	
13449026689	SMP	1	0.00	0.00	0.00	0.00	-1	
13449035071	SMP	1	0.00	0.00	0.00	0.00	-1	
13449043322	SMP	1	0.00	0.00	0.00	0.00	-1	
13449051653	SMP	1	0.00	0.00	0.00	0.00	-1	
13449060066	SMP	1	0.00	0.00	0.00	0.00	-1	
13449068450	SMP	1	0.00	0.00	0.00	0.00	-1	
13449076653	SMP	1	0.00	0.00	0.00	0.00	-1	
13449085086	SMP	1	0.00	0.00	0.00	0.00	-1	
13449110075	SMP	1	0.00	0.00	0.00	0.00	-1	
13449118360	SMP	1	0.00	0.00	0.00	0.00	-1	
13449126766	SMP	1	0.00	0.00	0.00	0.00	-1	
13449135220	SMP	1	0.00	0.00	0.00	0.00	-1	
13449143424	SMP	1	0.00	0.00	0.00	0.00	-1	
13449151829	SMP	1	0.00	0.00	0.00	0.00	-1	
13449160144	SMP	1	0.00	0.00	0.00	0.00	-1	
13449168431	SMP	1	0.00	0.00	0.00	0.00	-1	
13449176823	SMP	1	0.00	0.00	0.00	0.00	-1	
13449185161	SMP	1	0.00	0.00	0.00	0.00	-1	
13449193493	SMP	1	0.00	0.00	0.00	0.00	-1	
13449201778	SMP	1	0.00	0.00	0.00	0.00	-1	
13449210178	SMP	1	0.00	0.00	0.00	0.00	-1	
13449218567	SMP	1	0.00	0.00	0.00	0.00	-1	
13449226951	SMP	1	0.00	0.00	0.00	0.00	-1	
13449235201	SMP	1	0.00	0.00	0.00	0.00	-1	
13449243566	SMP	1	0.00	0.00	0.00	0.00	-1	
13449251920	SMP	1	0.00	0.00	0.00	0.00	-1	
13449260286	SMP	1	0.00	0.00	0.00	0.00	-1	
13449268518	SMP	1	0.00	0.00	0.00	0.00	-1	
13449276948	SMP	1	0.00	0.00	0.00	0.00	-1	
13449293569	SMP	1	0.00	0.00	0.00	0.00	-1	
13449301907	SMP	1	0.00	0.00	0.00	0.00	-1	
13449310320	SMP	1	0.00	0.00	0.00	0.00	-1	
13449318683	SMP	1	0.00	0.00	0.00	0.00	-1	
13449326923	SMP	1	0.00	0.00	0.00	0.00	-1	
13449335306	SMP	1	0.00	0.00	0.00	0.00	-1	
13449343671	SMP	1	0.00	0.00	0.00	0.00	-1	
13449352076	SMP	1	0.00	0.00	0.00	0.00	-1	
13449360292	SMP	1	0.00	0.00	0.00	0.00	-1	
13449368680	SMP	1	0.00	0.00	0.00	0.00	-1	
13449535007	SMP	1	0.00	0.00	0.00	0.00	-1	
13449584883	SMP	1	0.00	0.00	0.00	0.00	-1	
13449634924	SMP	1	0.00	0.00	0.00	0.00	-1	
13449684879	SMP	1	0.00	0.00	0.00	0.00	-1	
13449735241	SMP	1	0.00	0.00	0.00	0.00	-1	
13449784968	SMP	1	0.00	0.00	0.00	0.00	-1	
13449835193	SMP	1	0.00	0.00	0.00	0.00	-1	
13449885012	SMP	1	0.00	0.00	0.00	0.00	-1	
13449936421	SMP	1	0.00	0.00	0.00	0.00	-1	
13449985011	SMP	1	0.00	0.00	0.00	0.00	-1	
13450035683	SMP	1	0.00	0.00	0.00	0.00	-1	
13450085040	SMP	1	0.00	0.00	0.00	0.00	-1	
13450135148	SMP	1	0.00	0.00	0.00	0.00	-1	
13450185207	SMP	1	0.00	0.00	0.00	0.00	-1	
13450235791	SMP	1	0.00	0.00	0.00	0.00	-1	
13450285099	SMP	1	0.00	0.00	0.00	0.00	-1	
13450335959	SMP	1	0.00	0.00	0.00	0.00	-1	
13450385271	SMP	1	0.00	0.00	0.00	0.00	-1	
13450435374	SMP	1	0.00	0.00	0.00	0.00	-1	
13450485273	SMP	1	0.00	0.00	0.00	0.00	-1	
13450535846	SMP	1	0.00	0.00	0.00	0.00	-1	
13450585436	SMP	1	0.00	0.00	0.00	0.00	-1	
13450635487	SMP	1	0.00	0.00	0.00	0.00	-1	
13450685526	SMP	1	0.00	0.00	0.00	0.00	-1	
13450736118	SMP	1	0.00	0.00	0.00	0.00	-1	
13450785447	SMP	1	0.00	0.00	0.00	0.00	-1	
13450835601	SMP	1	0.00	0.00	0.00	0.00	-1	
13450885500	SMP	1	0.00	0.00	0.00	0.00	-1	
13450936345	SMP	1	0.00	0.00	0.00	0.00	-1	
13450985533	SMP	1	0.00	0.00	0.00	0.00	-1	
13451035978	SMP	1	0.00	0.00	0.00	0.00	-1	
13451085632	SMP	1	0.00	0.00	0.00	0.00	-1	
13451136602	SMP	1	0.00	0.00	0.00	0.00	-1	
13451185761	SMP	1	0.00	0.00	0.00	0.00	-1	
13451236264	SMP	1	0.00	0.00	0.00	0.00	-1	
13451285774	SMP	1	0.00	0.00	0.00	0.00	-1	
13451335762	SMP	1	0.00	0.00	0.00	0.00	-1	
13451385732	SMP	1	0.00	0.00	0.00	0.00	-1	
13451436489	SMP	1	0.00	0.00	0.00	0.00	-1	
13451485814	SMP	1	0.00	0.00	0.00	0.00	-1	
13451536064	SMP	1	0.00	0.00	0.00	0.00	-1	
13451585917	SMP	1	0.00	0.00	0.00	0.00	-1	
13451635856	SMP	1	0.00	0.00	0.00	0.00	-1	
13451685881	SMP	1	0.00	0.00	0.00	0.00	-1	
13451736300	SMP	1	0.00	0.00	0.00	0.00	-1	
13451785878	SMP	1	0.00	0.00	0.00	0.00	-1	
13451836077	SMP	1	0.00	0.00	0.00	0.00	-1	
13451886076	SMP	1	0.00	0.00	0.00	0.00	-1	
13451936755	SMP	1	0.00	0.00	0.00	0.00	-1	
13451985951	SMP	1	0.00	0.00	0.00	0.00	-1	
13452036663	SMP	1	0.00	0.00	0.00	0.00	-1	
13452086108	SMP	1	0.00	0.00	0.00	0.00	-1	
13452136120	SMP	1	0.00	0.00	0.00	0.00	-1	
13452186138	SMP	1	0.00	0.00	0.00	0.00	-1	
13452236439	SMP	1	0.00	0.00	0.00	0.00	-1	
13452286172	SMP	1	0.00	0.00	0.00	0.00	-1	
13452336807	SMP	1	0.00	0.00	0.00	0.00	-1	
13452386279	SMP	1	0.00	0.00	0.00	0.00	-1	
13452436253	SMP	1	0.00	0.00	0.00	0.00	-1	
13452486363	SMP	1	0.00	0.00	0.00	0.00	-1	
13452536421	SMP	1	0.00	0.00	0.00	0.00	-1	
13452609334	SMP	1	0.00	0.00	0.00	0.00	-1	
13452617374	SMP	1	0.00	0.00	0.00	0.00	-1	
13452625594	SMP	1	0.00	0.00	0.00	0.00	-1	
13452633941	SMP	1	0.00	0.00	0.00	0.00	-1	
13452642421	SMP	1	0.00	0.00	0.00	0.00	-1	
13452650745	SMP	1	0.00	0.00	0.00	0.00	-1	
13452658988	SMP	1	0.00	0.00	0.00	0.00	-1	
13452667354	SMP	1	0.00	0.00	0.00	0.00	-1	
13452675744	SMP	1	0.00	0.00	0.00	0.00	-1	
13452683992	SMP	1	0.00	0.00	0.00	0.00	-1	
13452692358	SMP	1	0.00	0.00	0.00	0.00	-1	
13452700688	SMP	1	0.00	0.00	0.00	0.00	-1	
13452709128	SMP	1	0.00	0.00	0.00	0.00	-1	
13452717371	SMP	1	0.00	0.00	0.00	0.00	-1	
13452725675	SMP	1	0.00	0.00	0.00	0.00	-1	
13452734167	SMP	1	0.00	0.00	0.00	0.00	-1	
13452742892	SMP	1	0.00	0.00	0.00	0.00	-1	
13452750738	SMP	1	0.00	0.00	0.00	0.00	-1	
13452759132	SMP	1	0.00	0.00	0.00	0.00	-1	
13452767480	SMP	1	0.00	0.00	0.00	0.00	-1	
13452775731	SMP	1	0.00	0.00	0.00	0.00	-1	
13452784044	SMP	1	0.00	0.00	0.00	0.00	-1	
13452792421	SMP	1	0.00	0.00	0.00	0.00	-1	
13452800892	SMP	1	0.00	0.00	0.00	0.00	-1	
13452809155	SMP	1	0.00	0.00	0.00	0.00	-1	
13452817572	SMP	1	0.00	0.00	0.00	0.00	-1	
13452825880	SMP	1	0.00	0.00	0.00	0.00	-1	
13452834191	SMP	1	0.00	0.00	0.00	0.00	-1	
13452842503	SMP	1	0.00	0.00	0.00	0.00	-1	
13452850865	SMP	1	0.00	0.00	0.00	0.00	-1	
13452859255	SMP	1	0.00	0.00	0.00	0.00	-1	
13452867648	SMP	1	0.00	0.00	0.00	0.00	-1	
13452875898	SMP	1	0.00	0.00	0.00	0.00	-1	
13452884173	SMP	1	0.00	0.00	0.00	0.00	-1	
13452892588	SMP	1	0.00	0.00	0.00	0.00	-1	
13452901022	SMP	1	0.00	0.00	0.00	0.00	-1	
13452909272	SMP	1	0.00	0.00	0.00	0.00	-1	
13452917594	SMP	1	0.00	0.00	0.00	0.00	-1	
13452926128	SMP	1	0.00	0.00	0.00	0.00	-1	
13452934273	SMP	1	0.00	0.00	0.00	0.00	-1	
13452942650	SMP	1	0.00	0.00	0.00	0.00	-1	
13453109239	SMP	1	0.00	0.00	0.00	0.00	-1	
13453158993	SMP	1	0.00	0.00	0.00	0.00	-1	
13453209228	SMP	1	0.00	0.00	0.00	0.00	-1	
13453258957	SMP	1	0.00	0.00	0.00	0.00	-1	
13453309406	SMP	1	0.00	0.00	0.00	0.00	-1	
13453359429	SMP	1	0.00	0.00	0.00	0.00	-1	
13453410816	SMP	1	0.00	0.00	0.00	0.00	-1	
13453458916	SMP	1	0.00	0.00	0.00	0.00	-1	
13453508945	SMP	1	0.00	0.00	0.00	0.00	-1	
13453558957	SMP	1	0.00	0.00	0.00	0.00	-1	
13453609250	SMP	1	0.00	0.00	0.00	0.00	-1	
13453659109	SMP	1	0.00	0.00	0.00	0.00	-1	
13453709081	SMP	1	0.00	0.00	0.00	0.00	-1	
13453759140	SMP	1	0.00	0.00	0.00	0.00	-1	
13453809149	SMP	1	0.00	0.00	0.00	0.00	-1	
13453859268	SMP	1	0.00	0.00	0.00	0.00	-1	
13453909438	SMP	1	0.00	0.00	0.00	0.00	-1	
13453959225	SMP	1	0.00	0.00	0.00	0.00	-1	
13454009342	SMP	1	0.00	0.00	0.00	0.00	-1	
13454059194	SMP	1	0.00	0.00	0.00	0.00	-1	
13454109230	SMP	1	0.00	0.00	0.00	0.00	-1	
13454159447	SMP	1	0.00	0.00	0.00	0.00	-1	
13454210690	SMP	1	0.00	0.00	0.00	0.00	-1	
13454259401	SMP	1	0.00	0.00	0.00	0.00	-1	
13454309298	SMP	1	0.00	0.00	0.00	0.00	-1	
13454359360	SMP	1	0.00	0.00	0.00	0.00	-1	
13454409442	SMP	1	0.00	0.00	0.00	0.00	-1	
13454459538	SMP	1	0.00	0.00	0.00	0.00	-1	
13454509428	SMP	1	0.00	0.00	0.00	0.00	-1	
13454559506	SMP	1	0.00	0.00	0.00	0.00	-1	
13454609774	SMP	1	0.00	0.00	0.00	0.00	-1	
13454659636	SMP	1	0.00	0.00	0.00	0.00	-1	
13454709588	SMP	1	0.00	0.00	0.00	0.00	-1	
13454759605	SMP	1	0.00	0.00	0.00	0.00	-1	
13454809622	SMP	1	0.00	0.00	0.00	0.00	-1	
13454859861	SMP	1	0.00	0.00	0.00	0.00	-1	
13454909678	SMP	1	0.00	0.00	0.00	0.00	-1	
13454959679	SMP	1	0.00	0.00	0.00	0.00	-1	
13455009840	SMP	1	0.00	0.00	0.00	0.00	-1	
13455059740	SMP	1	0.00	0.00	0.00	0.00	-1	
13455109839	SMP	1	0.00	0.00	0.00	0.00	-1	
13455159819	SMP	1	0.00	0.00	0.00	0.00	-1	
13455209858	SMP	1	0.00	0.00	0.00	0.00	-1	
13455259842	SMP	1	0.00	0.00	0.00	0.00	-1	
13455309813	SMP	1	0.00	0.00	0.00	0.00	-1	
13455360026	SMP	1	0.00	0.00	0.00	0.00	-1	
13455411123	SMP	1	0.00	0.00	0.00	0.00	-1	
13455459984	SMP	1	0.00	0.00	0.00	0.00	-1	
13455510307	SMP	1	0.00	0.00	0.00	0.00	-1	
13455559944	SMP	1	0.00	0.00	0.00	0.00	-1	
13455610018	SMP	1	0.00	0.00	0.00	0.00	-1	
13455660063	SMP	1	0.00	0.00	0.00	0.00	-1	
13455710328	SMP	1	0.00	0.00	0.00	0.00	-1	
13455760084	SMP	1	0.00	0.00	0.00	0.00	-1	
13455810135	SMP	1	0.00	0.00	0.00	0.00	-1	
13455860269	SMP	1	0.00	0.00	0.00	0.00	-1	
13455910165	SMP	1	0.00	0.00	0.00	0.00	-1	
13455960208	SMP	1	0.00	0.00	0.00	0.00	-1	
13456010158	SMP	1	0.00	0.00	0.00	0.00	-1	
13456060206	SMP	1	0.00	0.00	0.00	0.00	-1	
13456110194	SMP	1	0.00	0.00	0.00	0.00	-1	
13456160334	SMP	1	0.00	0.00	0.00	0.00	-1	
13456210361	SMP	1	0.00	0.00	0.00	0.00	-1	
13456260384	SMP	1	0.00	0.00	0.00	0.00	-1	
13456310345	SMP	1	0.00	0.00	0.00	0.00	-1	
13456360318	SMP	1	0.00	0.00	0.00	0.00	-1	
13456410503	SMP	1	0.00	0.00	0.00	0.00	-1	
13456460469	SMP	1	0.00	0.00	0.00	0.00	-1	
13456510519	SMP	1	0.00	0.00	0.00	0.00	-1	
13456560480	SMP	1	0.00	0.00	0.00	0.00	-1	
13456610881	SMP	1	0.00	0.00	0.00	0.00	-1	
13456660561	SMP	1	0.00	0.00	0.00	0.00	-1	
13456710525	SMP	1	0.00	0.00	0.00	0.00	-1	
13456760577	SMP	1	0.00	0.00	0.00	0.00	-1	
13456811088	SMP	1	0.00	0.00	0.00	0.00	-1	
13456860641	SMP	1	0.00	0.00	0.00	0.00	-1	
13456910710	SMP	1	0.00	0.00	0.00	0.00	-1	
13456960644	SMP	1	0.00	0.00	0.00	0.00	-1	
13457011514	SMP	1	0.00	0.00	0.00	0.00	-1	
13457060919	SMP	1	0.00	0.00	0.00	0.00	-1	
13457110753	SMP	1	0.00	0.00	0.00	0.00	-1	
13457160780	SMP	1	0.00	0.00	0.00	0.00	-1	
13457211268	SMP	1	0.00	0.00	0.00	0.00	-1	
13457260826	SMP	1	0.00	0.00	0.00	0.00	-1	
13457310742	SMP	1	0.00	0.00	0.00	0.00	-1	
13457360790	SMP	1	0.00	0.00	0.00	0.00	-1	
13457411568	SMP	1	0.00	0.00	0.00	0.00	-1	
13457460956	SMP	1	0.00	0.00	0.00	0.00	-1	
13457511041	SMP	1	0.00	0.00	0.00	0.00	-1	
13457560921	SMP	1	0.00	0.00	0.00	0.00	-1	
13457611104	SMP	1	0.00	0.00	0.00	0.00	-1	
13457661066	SMP	1	0.00	0.00	0.00	0.00	-1	
13457711288	SMP	1	0.00	0.00	0.00	0.00	-1	
13457761062	SMP	1	0.00	0.00	0.00	0.00	-1	
13457811103	SMP	1	0.00	0.00	0.00	0.00	-1	
13457861054	SMP	1	0.00	0.00	0.00	0.00	-1	
13457911719	SMP	1	0.00	0.00	0.00	0.00	-1	
13457961202	SMP	1	0.00	0.00	0.00	0.00	-1	
13458011143	SMP	1	0.00	0.00	0.00	0.00	-1	
13458061154	SMP	1	0.00	0.00	0.00	0.00	-1	
13458111476	SMP	1	0.00	0.00	0.00	0.00	-1	
13458161363	SMP	1	0.00	0.00	0.00	0.00	-1	
13458211731	SMP	1	0.00	0.00	0.00	0.00	-1	
13458261307	SMP	1	0.00	0.00	0.00	0.00	-1	
13458311192	SMP	1	0.00	0.00	0.00	0.00	-1	
13458361333	SMP	1	0.00	0.00	0.00	0.00	-1	
13458411416	SMP	1	0.00	0.00	0.00	0.00	-1	
13458461418	SMP	1	0.00	0.00	0.00	0.00	-1	
13458511433	SMP	1	0.00	0.00	0.00	0.00	-1	
13458561506	SMP	1	0.00	0.00	0.00	0.00	-1	
13458611875	SMP	1	0.00	0.00	0.00	0.00	-1	
13458661556	SMP	1	0.00	0.00	0.00	0.00	-1	
13458711491	SMP	1	0.00	0.00	0.00	0.00	-1	
13458761490	SMP	1	0.00	0.00	0.00	0.00	-1	
13458811530	SMP	1	0.00	0.00	0.00	0.00	-1	
13458861534	SMP	1	0.00	0.00	0.00	0.00	-1	
13458911718	SMP	1	0.00	0.00	0.00	0.00	-1	
13458961642	SMP	1	0.00	0.00	0.00	0.00	-1	
13459011681	SMP	1	0.00	0.00	0.00	0.00	-1	
13459061817	SMP	1	0.00	0.00	0.00	0.00	-1	
13459111600	SMP	1	0.00	0.00	0.00	0.00	-1	
13459161713	SMP	1	0.00	0.00	0.00	0.00	-1	
13459211665	SMP	1	0.00	0.00	0.00	0.00	-1	
13459261797	SMP	1	0.00	0.00	0.00	0.00	-1	
13459312489	SMP	1	0.00	0.00	0.00	0.00	-1	
13459361787	SMP	1	0.00	0.00	0.00	0.00	-1	
13459411939	SMP	1	0.00	0.00	0.00	0.00	-1	
13459461894	SMP	1	0.00	0.00	0.00	0.00	-1	
13459511910	SMP	1	0.00	0.00	0.00	0.00	-1	
13459561914	SMP	1	0.00	0.00	0.00	0.00	-1	
13459612454	SMP	1	0.00	0.00	0.00	0.00	-1	
13459662088	SMP	1	0.00	0.00	0.00	0.00	-1	
13459712578	SMP	1	0.00	0.00	0.00	0.00	-1	
13459762037	SMP	1	0.00	0.00	0.00	0.00	-1	
13459813044	SMP	1	0.00	0.00	0.00	0.00	-1	
13459862246	SMP	1	0.00	0.00	0.00	0.00	-1	
13459912101	SMP	1	0.00	0.00	0.00	0.00	-1	
13459962203	SMP	1	0.00	0.00	0.00	0.00	-1	
13460012656	SMP	1	0.00	0.00	0.00	0.00	-1	
13460062126	SMP	1	0.00	0.00	0.00	0.00	-1	
13460112199	SMP	1	0.00	0.00	0.00	0.00	-1	
13460162256	SMP	1	0.00	0.00	0.00	0.00	-1	
13460212691	SMP	1	0.00	0.00	0.00	0.00	-1	
13460262296	SMP	1	0.00	0.00	0.00	0.00	-1	
13460312809	SMP	1	0.00	0.00	0.00	0.00	-1	
13460362356	SMP	1	0.00	0.00	0.00	0.00	-1	
13460412759	SMP	1	0.00	0.00	0.00	0.00	-1	
13460462408	SMP	1	0.00	0.00	0.00	0.00	-1	
13460512395	SMP	1	0.00	0.00	0.00	0.00	-1	
13460562475	SMP	1	0.00	0.00	0.00	0.00	-1	
13460613560	SMP	1	0.00	0.00	0.00	0.00	-1	
13460662519	SMP	1	0.00	0.00	0.00	0.00	-1	
13460712529	SMP	1	0.00	0.00	0.00	0.00	-1	
13460762505	SMP	1	0.00	0.00	0.00	0.00	-1	
13460813000	SMP	1	0.00	0.00	0.00	0.00	-1	
13460862611	SMP	1	0.00	0.00	0.00	0.00	-1	
13460912861	SMP	1	0.00	0.00	0.00	0.00	-1	
13460962613	SMP	1	0.00	0.00	0.00	0.00	-1	
13461012611	SMP	1	0.00	0.00	0.00	0.00	-1	
13461062673	SMP	1	0.00	0.00	0.00	0.00	-1	
13461113956	SMP	1	0.00	0.00	0.00	0.00	-1	
13461162716	SMP	1	0.00	0.00	0.00	0.00	-1	
13461212708	SMP	1	0.00	0.00	0.00	0.00	-1	
13461262785	SMP	1	0.00	0.00	0.00	0.00	-1	
13461313297	SMP	1	0.00	0.00	0.00	0.00	-1	
13461362798	SMP	1	0.00	0.00	0.00	0.00	-1	
13461413444	SMP	1	0.00	0.00	0.00	0.00	-1	
13461462853	SMP	1	0.00	0.00	0.00	0.00	-1	
13461512927	SMP	1	0.00	0.00	0.00	0.00	-1	
13461562787	SMP	1	0.00	0.00	0.00	0.00	-1	
13461613019	SMP	1	0.00	0.00	0.00	0.00	-1	
13461663049	SMP	1	0.00	0.00	0.00	0.00	-1	
13461712913	SMP	1	0.00	0.00	0.00	0.00	-1	
13461762994	SMP	1	0.00	0.00	0.00	0.00	-1	
13461813029	SMP	1	0.00	0.00	0.00	0.00	-1	
13461863114	SMP	1	0.00	0.00	0.00	0.00	-1	
13461913048	SMP	1	0.00	0.00	0.00	0.00	-1	
13461963127	SMP	1	0.00	0.00	0.00	0.00	-1	
13462013477	SMP	1	0.00	0.00	0.00	0.00	-1	
13462063274	SMP	1	0.00	0.00	0.00	0.00	-1	
13462113051	SMP	1	0.00	0.00	0.00	0.00	-1	
13462163209	SMP	1	0.00	0.00	0.00	0.00	-1	
13462213195	SMP	1	0.00	0.00	0.00	0.00	-1	
13462263280	SMP	1	0.00	0.00	0.00	0.00	-1	
13462313351	SMP	1	0.00	0.00	0.00	0.00	-1	
13462363327	SMP	1	0.00	0.00	0.00	0.00	-1	
13462413488	SMP	1	0.00	0.00	0.00	0.00	-1	
13462463429	SMP	1	0.00	0.00	0.00	0.00	-1	
13462513377	SMP	1	0.00	0.00	0.00	0.00	-1	
13462563294	SMP	1	0.00	0.00	0.00	0.00	-1	
13462614021	SMP	1	0.00	0.00	0.00	0.00	-1	
13462663502	SMP	1	0.00	0.00	0.00	0.00	-1	
13462713548	SMP	1	0.00	0.00	0.00	0.00	-1	
13462763511	SMP	1	0.00	0.00	0.00	0.00	-1	
13462814047	SMP	1	0.00	0.00	0.00	0.00	-1	
13462863581	SMP	1	0.00	0.00	0.00	0.00	-1	
13462913875	SMP	1	0.00	0.00	0.00	0.00	-1	
13462963609	SMP	1	0.00	0.00	0.00	0.00	-1	
13463013639	SMP	1	0.00	0.00	0.00	0.00	-1	
13463063589	SMP	1	0.00	0.00	0.00	0.00	-1	
13463114145	SMP	1	0.00	0.00	0.00	0.00	-1	
13463163666	SMP	1	0.00	0.00	0.00	0.00	-1	
13463213649	SMP	1	0.00	0.00	0.00	0.00	-1	
13463263790	SMP	1	0.00	0.00	0.00	0.00	-1	
13463314307	SMP	1	0.00	0.00	0.00	0.00	-1	
13463363908	SMP	1	0.00	0.00	0.00	0.00	-1	
13463413787	SMP	1	0.00	0.00	0.00	0.00	-1	
13463463863	SMP	1	0.00	0.00	0.00	0.00	-1	
13463513838	SMP	1	0.00	0.00	0.00	0.00	-1	
13463563858	SMP	1	0.00	0.00	0.00	0.00	-1	
13463613977	SMP	1	0.00	0.00	0.00	0.00	-1	
13463663993	SMP	1	0.00	0.00	0.00	0.00	-1	
13463714592	SMP	1	0.00	0.00	0.00	0.00	-1	
13463764002	SMP	1	0.00	0.00	0.00	0.00	-1	
13463814100	SMP	1	0.00	0.00	0.00	0.00	-1	
13463864061	SMP	1	0.00	0.00	0.00	0.00	-1	
13463914578	SMP	1	0.00	0.00	0.00	0.00	-1	
13463964081	SMP	1	0.00	0.00	0.00	0.00	-1	
13464014344	SMP	1	0.00	0.00	0.00	0.00	-1	
13464064101	SMP	1	0.00	0.00	0.00	0.00	-1	
13464114892	SMP	1	0.00	0.00	0.00	0.00	-1	
13464164229	SMP	1	0.00	0.00	0.00	0.00	-1	
13464214536	SMP	1	0.00	0.00	0.00	0.00	-1	
13464264245	SMP	1	0.00	0.00	0.00	0.00	-1	
13464314880	SMP	1	0.00	0.00	0.00	0.00	-1	
13464364314	SMP	1	0.00	0.00	0.00	0.00	-1	
13464415527	SMP	1	0.00	0.00	0.00	0.00	-1	
13464464361	SMP	1	0.00	0.00	0.00	0.00	-1	
13464514332	SMP	1	0.00	0.00	0.00	0.00	-1	
13464564358	SMP	1	0.00	0.00	0.00	0.00	-1	
13464614499	SMP	1	0.00	0.00	0.00	0.00	-1	
13464664447	SMP	1	0.00	0.00	0.00	0.00	-1	
13464714465	SMP	1	0.00	0.00	0.00	0.00	-1	
13464764462	SMP	1	0.00	0.00	0.00	0.00	-1	
13464814580	SMP	1	0.00	0.00	0.00	0.00	-1	
13464864593	SMP	1	0.00	0.00	0.00	0.00	-1	
13464914756	SMP	1	0.00	0.00	0.00	0.00	-1	
13464964590	SMP	1	0.00	0.00	0.00	0.00	-1	
13465014882	SMP	1	0.00	0.00	0.00	0.00	-1	
13465064595	SMP	1	0.00	0.00	0.00	0.00	-1	
13465114868	SMP	1	0.00	0.00	0.00	0.00	-1	
13465164606	SMP	1	0.00	0.00	0.00	0.00	-1	
13465214813	SMP	1	0.00	0.00	0.00	0.00	-1	
13465264949	SMP	1	0.00	0.00	0.00	0.00	-1	
13465314843	SMP	1	0.00	0.00	0.00	0.00	-1	
13465364907	SMP	1	0.00	0.00	0.00	0.00	-1	
13465414932	SMP	1	0.00	0.00	0.00	0.00	-1	
13465464853	SMP	1	0.00	0.00	0.00	0.00	-1	
13465515065	SMP	1	0.00	0.00	0.00	0.00	-1	
13465564945	SMP	1	0.00	0.00	0.00	0.00	-1	
13465615004	SMP	1	0.00	0.00	0.00	0.00	-1	
13465664935	SMP	1	0.00	0.00	0.00	0.00	-1	
13465715073	SMP	1	0.00	0.00	0.00	0.00	-1	
13465765103	SMP	1	0.00	0.00	0.00	0.00	-1	
13465814963	SMP	1	0.00	0.00	0.00	0.00	-1	
13465865048	SMP	1	0.00	0.00	0.00	0.00	-1	
13465915349	SMP	1	0.00	0.00	0.00	0.00	-1	
13465965162	SMP	1	0.00	0.00	0.00	0.00	-1	
13466015211	SMP	1	0.00	0.00	0.00	0.00	-1	
13466065174	SMP	1	0.00	0.00	0.00	0.00	-1	
13466115235	SMP	1	0.00	0.00	0.00	0.00	-1	
13466165184	SMP	1	0.00	0.00	0.00	0.00	-1	
13466215315	SMP	1	0.00	0.00	0.00	0.00	-1	
13466265265	SMP	1	0.00	0.00	0.00	0.00	-1	
13466315318	SMP	1	0.00	0.00	0.00	0.00	-1	
13466365439	SMP	1	0.00	0.00	0.00	0.00	-1	
13466415343	SMP	1	0.00	0.00	0.00	0.00	-1	
13466465318	SMP	1	0.00	0.00	0.00	0.00	-1	
13466515433	SMP	1	0.00	0.00	0.00	0.00	-1	
13466565451	SMP	1	0.00	0.00	0.00	0.00	-1	
13466615598	SMP	1	0.00	0.00	0.00	0.00	-1	
13466665482	SMP	1	0.00	0.00	0.00	0.00	-1	
13466715419	SMP	1	0.00	0.00	0.00	0.00	-1	
13466765595	SMP	1	0.00	0.00	0.00	0.00	-1	
13466815731	SMP	1	0.00	0.00	0.00	0.00	-1	
13466865594	SMP	1	0.00	0.00	0.00	0.00	-1	
13466915505	SMP	1	0.00	0.00	0.00	0.00	-1	
13466965502	SMP	1	0.00	0.00	0.00	0.00	-1	
13467015699	SMP	1	0.00	0.00	0.00	0.00	-1	
13467065653	SMP	1	0.00	0.00	0.00	0.00	-1	
13467115677	SMP	1	0.00	0.00	0.00	0.00	-1	
13467165621	SMP	1	0.00	0.00	0.00	0.00	-1	
13467215635	SMP	1	0.00	0.00	0.00	0.00	-1	
13467265831	SMP	1	0.00	0.00	0.00	0.00	-1	
13467315858	SMP	1	0.00	0.00	0.00	0.00	-1	
13467365856	SMP	1	0.00	0.00	0.00	0.00	-1	
13467415801	SMP	1	0.00	0.00	0.00	0.00	-1	
13467465814	SMP	1	0.00	0.00	0.00	0.00	-1	
13467515881	SMP	1	0.00	0.00	0.00	0.00	-1	
13467565906	SMP	1	0.00	0.00	0.00	0.00	-1	
13467616040	SMP	1	0.00	0.00	0.00	0.00	-1	
13467665898	SMP	1	0.00	0.00	0.00	0.00	-1	
13467715966	SMP	1	0.00	0.00	0.00	0.00	-1	
13467766411	SMP	1	0.00	0.00	0.00	0.00	-1	
13467816148	SMP	1	0.00	0.00	0.00	0.00	-1	
13467866059	SMP	1	0.00	0.00	0.00	0.00	-1	
13467916057	SMP	1	0.00	0.00	0.00	0.00	-1	
13467966063	SMP	1	0.00	0.00	0.00	0.00	-1	
13468016277	SMP	1	0.00	0.00	0.00	0.00	-1	
13468066209	SMP	1	0.00	0.00	0.00	0.00	-1	
13468116145	SMP	1	0.00	0.00	0.00	0.00	-1	
13468166201	SMP	1	0.00	0.00	0.00	0.00	-1	
13468216194	SMP	1	0.00	0.00	0.00	0.00	-1	
13468266209	SMP	1	0.00	0.00	0.00	0.00	-1	
13468316249	SMP	1	0.00	0.00	0.00	0.00	-1	
13468366306	SMP	1	0.00	0.00	0.00	0.00	-1	
13468416283	SMP	1	0.00	0.00	0.00	0.00	-1	
13468466402	SMP	1	0.00	0.00	0.00	0.00	-1	
13468516352	SMP	1	0.00	0.00	0.00	0.00	-1	
13468566434	SMP	1	0.00	0.00	0.00	0.00	-1	
13468616497	SMP	1	0.00	0.00	0.00	0.00	-1	
13468666417	SMP	1	0.00	0.00	0.00	0.00	-1	
13468716406	SMP	1	0.00	0.00	0.00	0.00	-1	
13468766717	SMP	1	0.00	0.00	0.00	0.00	-1	
13468816448	SMP	1	0.00	0.00	0.00	0.00	-1	
13468866517	SMP	1	0.00	0.00	0.00	0.00	-1	
13468916522	SMP	1	0.00	0.00	0.00	0.00	-1	
13468966482	SMP	1	0.00	0.00	0.00	0.00	-1	
13469016597	SMP	1	0.00	0.00	0.00	0.00	-1	
13469066585	SMP	1	0.00	0.00	0.00	0.00	-1	
13469116579	SMP	1	0.00	0.00	0.00	0.00	-1	
13469166782	SMP	1	0.00	0.00	0.00	0.00	-1	
13469216603	SMP	1	0.00	0.00	0.00	0.00	-1	
13469267237	SMP	1	0.00	0.00	0.00	0.00	-1	
13469316723	SMP	1	0.00	0.00	0.00	0.00	-1	
13469366740	SMP	1	0.00	0.00	0.00	0.00	-1	
13469416736	SMP	1	0.00	0.00	0.00	0.00	-1	
13469466688	SMP	1	0.00	0.00	0.00	0.00	-1	
13469516872	SMP	1	0.00	0.00	0.00	0.00	-1	
13469566970	SMP	1	0.00	0.00	0.00	0.00	-1	
13469616816	SMP	1	0.00	0.00	0.00	0.00	-1	
13469666848	SMP	1	0.00	0.00	0.00	0.00	-1	
13469716932	SMP	1	0.00	0.00	0.00	0.00	-1	
13469767114	SMP	1	0.00	0.00	0.00	0.00	-1	
13469816991	SMP	1	0.00	0.00	0.00	0.00	-1	
13469866994	SMP	1	0.00	0.00	0.00	0.00	-1	
13469917012	SMP	1	0.00	0.00	0.00	0.00	-1	
13469967060	SMP	1	0.00	0.00	0.00	0.00	-1	
13470017103	SMP	1	0.00	0.00	0.00	0.00	-1	
13470067075	SMP	1	0.00	0.00	0.00	0.00	-1	
13470117128	SMP	1	0.00	0.00	0.00	0.00	-1	
13470167136	SMP	1	0.00	0.00	0.00	0.00	-1	
13470217123	SMP	1	0.00	0.00	0.00	0.00	-1	
13470267252	SMP	1	0.00	0.00	0.00	0.00	-1	
13470317246	SMP	1	0.00	0.00	0.00	0.00	-1	
13470367652	SMP	1	0.00	0.00	0.00	0.00	-1	
13470417352	SMP	1	0.00	0.00	0.00	0.00	-1	
13470467202	SMP	1	0.00	0.00	0.00	0.00	-1	
13470517420	SMP	1	0.00	0.00	0.00	0.00	-1	
13470567369	SMP	1	0.00	0.00	0.00	0.00	-1	
13470617391	SMP	1	0.00	0.00	0.00	0.00	-1	
13470667256	SMP	1	0.00	0.00	0.00	0.00	-1	
13470717770	SMP	1	0.00	0.00	0.00	0.00	-1	
13470767698	SMP	1	0.00	0.00	0.00	0.00	-1	
13470817443	SMP	1	0.00	0.00	0.00	0.00	-1	
13470867510	SMP	1	0.00	0.00	0.00	0.00	-1	
13470917488	SMP	1	0.00	0.00	0.00	0.00	-1	
13470967916	SMP	1	0.00	0.00	0.00	0.00	-1	
13471017497	SMP	1	0.00	0.00	0.00	0.00	-1	
13471067607	SMP	1	0.00	0.00	0.00	0.00	-1	
13471117626	SMP	1	0.00	0.00	0.00	0.00	-1	
13471167824	SMP	1	0.00	0.00	0.00	0.00	-1	
13471218137	SMP	1	0.00	0.00	0.00	0.00	-1	
13471267629	SMP	1	0.00	0.00	0.00	0.00	-1	
13471317721	SMP	1	0.00	0.00	0.00	0.00	-1	
13471367708	SMP	1	0.00	0.00	0.00	0.00	-1	
13471417782	SMP	1	0.00	0.00	0.00	0.00	-1	
13471467712	SMP	1	0.00	0.00	0.00	0.00	-1	
13471517764	SMP	1	0.00	0.00	0.00	0.00	-1	
13471568098	SMP	1	0.00	0.00	0.00	0.00	-1	
13471617832	SMP	1	0.00	0.00	0.00	0.00	-1	
13471667847	SMP	1	0.00	0.00	0.00	0.00	-1	
13471717852	SMP	1	0.00	0.00	0.00	0.00	-1	
13471768535	SMP	1	0.00	0.00	0.00	0.00	-1	
13471817944	SMP	1	0.00	0.00	0.00	0.00	-1	
13471867978	SMP	1	0.00	0.00	0.00	0.00	-1	
13471918080	SMP	1	0.00	0.00	0.00	0.00	-1	
13471968141	SMP	1	0.00	0.00	0.00	0.00	-1	
13472018630	SMP	1	0.00	0.00	0.00	0.00	-1	
13472068099	SMP	1	0.00	0.00	0.00	0.00	-1	
13472118098	SMP	1	0.00	0.00	0.00	0.00	-1	
13472168091	SMP	1	0.00	0.00	0.00	0.00	-1	
13472218124	SMP	1	0.00	0.00	0.00	0.00	-1	
13472268405	SMP	1	0.00	0.00	0.00	0.00	-1	
13472318236	SMP	1	0.00	0.00	0.00	0.00	-1	
13472368219	SMP	1	0.00	0.00	0.00	0.00	-1	
13472418291	SMP	1	0.00	0.00	0.00	0.00	-1	
13472468194	SMP	1	0.00	0.00	0.00	0.00	-1	
13472518352	SMP	1	0.00	0.00	0.00	0.00	-1	
13472568324	SMP	1	0.00	0.00	0.00	0.00	-1	
13472618359	SMP	1	0.00	0.00	0.00	0.00	-1	
13472668301	SMP	1	0.00	0.00	0.00	0.00	-1	
13472718337	SMP	1	0.00	0.00	0.00	0.00	-1	
13472768692	SMP	1	0.00	0.00	0.00	0.00	-1	
13472818475	SMP	1	0.00	0.00	0.00	0.00	-1	
13472868452	SMP	1	0.00	0.00	0.00	0.00	-1	
13472918535	SMP	1	0.00	0.00	0.00	0.00	-1	
13472968415	SMP	1	0.00	0.00	0.00	0.00	-1	
13473018700	SMP	1	0.00	0.00	0.00	0.00	-1	
13473068662	SMP	1	0.00	0.00	0.00	0.00	-1	
13473118717	SMP	1	0.00	0.00	0.00	0.00	-1	
13473168757	SMP	1	0.00	0.00	0.00	0.00	-1	
13473218617	SMP	1	0.00	0.00	0.00	0.00	-1	
13473268880	SMP	1	0.00	0.00	0.00	0.00	-1	
13473318650	SMP	1	0.00	0.00	0.00	0.00	-1	
13473368725	SMP	1	0.00	0.00	0.00	0.00	-1	
13473418668	SMP	1	0.00	0.00	0.00	0.00	-1	
13473468738	SMP	1	0.00	0.00	0.00	0.00	-1	
13473518925	SMP	1	0.00	0.00	0.00	0.00	-1	
13473569005	SMP	1	0.00	0.00	0.00	0.00	-1	
13473618834	SMP	1	0.00	0.00	0.00	0.00	-1	
13473668821	SMP	1	0.00	0.00	0.00	0.00	-1	
13473718799	SMP	1	0.00	0.00	0.00	0.00	-1	
13473768936	SMP	1	0.00	0.00	0.00	0.00	-1	
13473818909	SMP	1	0.00	0.00	0.00	0.00	-1	
13473868898	SMP	1	0.00	0.00	0.00	0.00	-1	
13473919294	SMP	1	0.00	0.00	0.00	0.00	-1	
13473969081	SMP	1	0.00	0.00	0.00	0.00	-1	
13474019009	SMP	1	0.00	0.00	0.00	0.00	-1	
13474069038	SMP	1	0.00	0.00	0.00	0.00	-1	
13474119075	SMP	1	0.00	0.00	0.00	0.00	-1	
13474169076	SMP	1	0.00	0.00	0.00	0.00	-1	
13474219219	SMP	1	0.00	0.00	0.00	0.00	-1	
13474269157	SMP	1	0.00	0.00	0.00	0.00	-1	
13474319595	SMP	1	0.00	0.00	0.00	0.00	-1	
13474369443	SMP	1	0.00	0.00	0.00	0.00	-1	
13474419639	SMP	1	0.00	0.00	0.00	0.00	-1	
13474469162	SMP	1	0.00	0.00	0.00	0.00	-1	
13474519297	SMP	1	0.00	0.00	0.00	0.00	-1	
13474569316	SMP	1	0.00	0.00	0.00	0.00	-1	
13474619330	SMP	1	0.00	0.00	0.00	0.00	-1	
13474669687	SMP	1	0.00	0.00	0.00	0.00	-1	
13474719814	SMP	1	0.00	0.00	0.00	0.00	-1	
13474769465	SMP	1	0.00	0.00	0.00	0.00	-1	
13474819423	SMP	1	0.00	0.00	0.00	0.00	-1	
13474869476	SMP	1	0.00	0.00	0.00	0.00	-1	
13474919405	SMP	1	0.00	0.00	0.00	0.00	-1	
13474969386	SMP	1	0.00	0.00	0.00	0.00	-1	
13475019518	SMP	1	0.00	0.00	0.00	0.00	-1	
13475069540	SMP	1	0.00	0.00	0.00	0.00	-1	
13475119741	SMP	1	0.00	0.00	0.00	0.00	-1	
13475169618	SMP	1	0.00	0.00	0.00	0.00	-1	
13475219554	SMP	1	0.00	0.00	0.00	0.00	-1	
13475269625	SMP	1	0.00	0.00	0.00	0.00	-1	
13475319908	SMP	1	0.00	0.00	0.00	0.00	-1	
13475369606	SMP	1	0.00	0.00	0.00	0.00	-1	
13475419677	SMP	1	0.00	0.00	0.00	0.00	-1	
13475469666	SMP	1	0.00	0.00	0.00	0.00	-1	
13475520038	SMP	1	0.00	0.00	0.00	0.00	-1	
13475570056	SMP	1	0.00	0.00	0.00	0.00	-1	
13475619777	SMP	1	0.00	0.00	0.00	0.00	-1	
13475669782	SMP	1	0.00	0.00	0.00	0.00	-1	
13475719931	SMP	1	0.00	0.00	0.00	0.00	-1	
13475770058	SMP	1	0.00	0.00	0.00	0.00	-1	
13475819852	SMP	1	0.00	0.00	0.00	0.00	-1	
13475869929	SMP	1	0.00	0.00	0.00	0.00	-1	
13475919988	SMP	1	0.00	0.00	0.00	0.00	-1	
13475970271	SMP	1	0.00	0.00	0.00	0.00	-1	
13476019967	SMP	1	0.00	0.00	0.00	0.00	-1	
13476070026	SMP	1	0.00	0.00	0.00	0.00	-1	
13476120045	SMP	1	0.00	0.00	0.00	0.00	-1	
13476170042	SMP	1	0.00	0.00	0.00	0.00	-1	
13476219998	SMP	1	0.00	0.00	0.00	0.00	-1	
13476270127	SMP	1	0.00	0.00	0.00	0.00	-1	
13476320397	SMP	1	0.00	0.00	0.00	0.00	-1	
13476370394	SMP	1	0.00	0.00	0.00	0.00	-1	
13476420169	SMP	1	0.00	0.00	0.00	0.00	-1	
13476470152	SMP	1	0.00	0.00	0.00	0.00	-1	
13476520271	SMP	1	0.00	0.00	0.00	0.00	-1	
13476570277	SMP	1	0.00	0.00	0.00	0.00	-1	
13476620315	SMP	1	0.00	0.00	0.00	0.00	-1	
13476670782	SMP	1	0.00	0.00	0.00	0.00	-1	
13476720605	SMP	1	0.00	0.00	0.00	0.00	-1	
13476770528	SMP	1	0.00	0.00	0.00	0.00	-1	
13476820401	SMP	1	0.00	0.00	0.00	0.00	-1	
13476870406	SMP	1	0.00	0.00	0.00	0.00	-1	
13476920396	SMP	1	0.00	0.00	0.00	0.00	-1	
13476970391	SMP	1	0.00	0.00	0.00	0.00	-1	
13477020528	SMP	1	0.00	0.00	0.00	0.00	-1	
13477070694	SMP	1	0.00	0.00	0.00	0.00	-1	
13477120726	SMP	1	0.00	0.00	0.00	0.00	-1	
13477170638	SMP	1	0.00	0.00	0.00	0.00	-1	
13477220535	SMP	1	0.00	0.00	0.00	0.00	-1	
13477270605	SMP	1	0.00	0.00	0.00	0.00	-1	
13477320644	SMP	1	0.00	0.00	0.00	0.00	-1	
13477370756	SMP	1	0.00	0.00	0.00	0.00	-1	
13477421057	SMP	1	0.00	0.00	0.00	0.00	-1	
13477470924	SMP	1	0.00	0.00	0.00	0.00	-1	
13477520955	SMP	1	0.00	0.00	0.00	0.00	-1	
13477570813	SMP	1	0.00	0.00	0.00	0.00	-1	
13477620812	SMP	1	0.00	0.00	0.00	0.00	-1	
13477670755	SMP	1	0.00	0.00	0.00	0.00	-1	
13477720767	SMP	1	0.00	0.00	0.00	0.00	-1	
13477771206	SMP	1	0.00	0.00	0.00	0.00	-1	
13477820865	SMP	1	0.00	0.00	0.00	0.00	-1	
13477871056	SMP	1	0.00	0.00	0.00	0.00	-1	
13477921085	SMP	1	0.00	0.00	0.00	0.00	-1	
13477971244	SMP	1	0.00	0.00	0.00	0.00	-1	
13478020983	SMP	1	0.00	0.00	0.00	0.00	-1	
13478070927	SMP	1	0.00	0.00	0.00	0.00	-1	
13478121012	SMP	1	0.00	0.00	0.00	0.00	-1	
13478171161	SMP	1	0.00	0.00	0.00	0.00	-1	
13478221043	SMP	1	0.00	0.00	0.00	0.00	-1	
13478271156	SMP	1	0.00	0.00	0.00	0.00	-1	
13478321650	SMP	1	0.00	0.00	0.00	0.00	-1	
13478371207	SMP	1	0.00	0.00	0.00	0.00	-1	
13478421164	SMP	1	0.00	0.00	0.00	0.00	-1	
13478471112	SMP	1	0.00	0.00	0.00	0.00	-1	
13478521266	SMP	1	0.00	0.00	0.00	0.00	-1	
13478571245	SMP	1	0.00	0.00	0.00	0.00	-1	
13478621265	SMP	1	0.00	0.00	0.00	0.00	-1	
13478671236	SMP	1	0.00	0.00	0.00	0.00	-1	
13478721482	SMP	1	0.00	0.00	0.00	0.00	-1	
13478771423	SMP	1	0.00	0.00	0.00	0.00	-1	
13478821390	SMP	1	0.00	0.00	0.00	0.00	-1	
13478871384	SMP	1	0.00	0.00	0.00	0.00	-1	
13478921365	SMP	1	0.00	0.00	0.00	0.00	-1	
13478971369	SMP	1	0.00	0.00	0.00	0.00	-1	
13479021500	SMP	1	0.00	0.00	0.00	0.00	-1	
13479071473	SMP	1	0.00	0.00	0.00	0.00	-1	
13479121728	SMP	1	0.00	0.00	0.00	0.00	-1	
13479171497	SMP	1	0.00	0.00	0.00	0.00	-1	
13479221641	SMP	1	0.00	0.00	0.00	0.00	-1	
13479271701	SMP	1	0.00	0.00	0.00	0.00	-1	
13479321606	SMP	1	0.00	0.00	0.00	0.00	-1	
13479371589	SMP	1	0.00	0.00	0.00	0.00	-1	
13479421621	SMP	1	0.00	0.00	0.00	0.00	-1	
13479471729	SMP	1	0.00	0.00	0.00	0.00	-1	
13479521916	SMP	1	0.00	0.00	0.00	0.00	-1	
13479571908	SMP	1	0.00	0.00	0.00	0.00	-1	
13479621744	SMP	1	0.00	0.00	0.00	0.00	-1	
13479671704	SMP	1	0.00	0.00	0.00	0.00	-1	
13479721855	SMP	1	0.00	0.00	0.00	0.00	-1	
13479771786	SMP	1	0.00	0.00	0.00	0.00	-1	
13479821828	SMP	1	0.00	0.00	0.00	0.00	-1	
13479871923	SMP	1	0.00	0.00	0.00	0.00	-1	
13479921976	SMP	1	0.00	0.00	0.00	0.00	-1	
13479972058	SMP	1	0.00	0.00	0.00	0.00	-1	
13480021969	SMP	1	0.00	0.00	0.00	0.00	-1	
13480071963	SMP	1	0.00	0.00	0.00	0.00	-1	
13480121975	SMP	1	0.00	0.00	0.00	0.00	-1	
13480171990	SMP	1	0.00	0.00	0.00	0.00	-1	
13480222101	SMP	1	0.00	0.00	0.00	0.00	-1	
13480272097	SMP	1	0.00	0.00	0.00	0.00	-1	
13480322200	SMP	1	0.00	0.00	0.00	0.00	-1	
13480372192	SMP	1	0.00	0.00	0.00	0.00	-1	
13480422206	SMP	1	0.00	0.00	0.00	0.00	-1	
13480472173	SMP	1	0.00	0.00	0.00	0.00	-1	
13480522171	SMP	1	0.00	0.00	0.00	0.00	-1	
13480572213	SMP	1	0.00	0.00	0.00	0.00	-1	
13480622322	SMP	1	0.00	0.00	0.00	0.00	-1	
13480672181	SMP	1	0.00	0.00	0.00	0.00	-1	
13480722473	SMP	1	0.00	0.00	0.00	0.00	-1	
13480772414	SMP	1	0.00	0.00	0.00	0.00	-1	
13480822443	SMP	1	0.00	0.00	0.00	0.00	-1	
13480872433	SMP	1	0.00	0.00	0.00	0.00	-1	
13480922340	SMP	1	0.00	0.00	0.00	0.00	-1	
13480972432	SMP	1	0.00	0.00	0.00	0.00	-1	
13481022711	SMP	1	0.00	0.00	0.00	0.00	-1	
13481072458	SMP	1	0.00	0.00	0.00	0.00	-1	
13481122519	SMP	1	0.00	0.00	0.00	0.00	-1	
13481172484	SMP	1	0.00	0.00	0.00	0.00	-1	
13481222933	SMP	1	0.00	0.00	0.00	0.00	-1	
13481272540	SMP	1	0.00	0.00	0.00	0.00	-1	
13481322581	SMP	1	0.00	0.00	0.00	0.00	-1	
13481372519	SMP	1	0.00	0.00	0.00	0.00	-1	
13481422612	SMP	1	0.00	0.00	0.00	0.00	-1	
13481472687	SMP	1	0.00	0.00	0.00	0.00	-1	
13481522749	SMP	1	0.00	0.00	0.00	0.00	-1	
13481572715	SMP	1	0.00	0.00	0.00	0.00	-1	
13481622697	SMP	1	0.00	0.00	0.00	0.00	-1	
13481672702	SMP	1	0.00	0.00	0.00	0.00	-1	
13481722809	SMP	1	0.00	0.00	0.00	0.00	-1	
13481772793	SMP	1	0.00	0.00	0.00	0.00	-1	
13481822894	SMP	1	0.00	0.00	0.00	0.00	-1	
13481872818	SMP	1	0.00	0.00	0.00	0.00	-1	
13481922962	SMP	1	0.00	0.00	0.00	0.00	-1	
13481973013	SMP	1	0.00	0.00	0.00	0.00	-1	
13482022887	SMP	1	0.00	0.00	0.00	0.00	-1	
13482072927	SMP	1	0.00	0.00	0.00	0.00	-1	
13482122966	SMP	1	0.00	0.00	0.00	0.00	-1	
13482172948	SMP	1	0.00	0.00	0.00	0.00	-1	
13482223049	SMP	1	0.00	0.00	0.00	0.00	-1	
13482272997	SMP	1	0.00	0.00	0.00	0.00	-1	
13482323152	SMP	1	0.00	0.00	0.00	0.00	-1	
13482373184	SMP	1	0.00	0.00	0.00	0.00	-1	
13482423049	SMP	1	0.00	0.00	0.00	0.00	-1	
13482473121	SMP	1	0.00	0.00	0.00	0.00	-1	
13482523203	SMP	1	0.00	0.00	0.00	0.00	-1	
13482573179	SMP	1	0.00	0.00	0.00	0.00	-1	
13482623215	SMP	1	0.00	0.00	0.00	0.00	-1	
13482673192	SMP	1	0.00	0.00	0.00	0.00	-1	
13482723295	SMP	1	0.00	0.00	0.00	0.00	-1	
13482773293	SMP	1	0.00	0.00	0.00	0.00	-1	
13482823321	SMP	1	0.00	0.00	0.00	0.00	-1	
13482873323	SMP	1	0.00	0.00	0.00	0.00	-1	
13482923453	SMP	1	0.00	0.00	0.00	0.00	-1	
13482973787	SMP	1	0.00	0.00	0.00	0.00	-1	
13483023450	SMP	1	0.00	0.00	0.00	0.00	-1	
13483073472	SMP	1	0.00	0.00	0.00	0.00	-1	
13483123431	SMP	1	0.00	0.00	0.00	0.00	-1	
13483173924	SMP	1	0.00	0.00	0.00	0.00	-1	
13483223557	SMP	1	0.00	0.00	0.00	0.00	-1	
13483273544	SMP	1	0.00	0.00	0.00	0.00	-1	
13483323562	SMP	1	0.00	0.00	0.00	0.00	-1	
13483373521	SMP	1	0.00	0.00	0.00	0.00	-1	
13483423606	SMP	1	0.00	0.00	0.00	0.00	-1	
13483473626	SMP	1	0.00	0.00	0.00	0.00	-1	
13483523702	SMP	1	0.00	0.00	0.00	0.00	-1	
13483573670	SMP	1	0.00	0.00	0.00	0.00	-1	
13483623678	SMP	1	0.00	0.00	0.00	0.00	-1	
13483673633	SMP	1	0.00	0.00	0.00	0.00	-1	
13483723808	SMP	1	0.00	0.00	0.00	0.00	-1	
13483774032	SMP	1	0.00	0.00	0.00	0.00	-1	
13483823789	SMP	1	0.00	0.00	0.00	0.00	-1	
13483873723	SMP	1	0.00	0.00	0.00	0.00	-1	
13483923797	SMP	1	0.00	0.00	0.00	0.00	-1	
13483974436	SMP	1	0.00	0.00	0.00	0.00	-1	
13484023895	SMP	1	0.00	0.00	0.00	0.00	-1	
13484073847	SMP	1	0.00	0.00	0.00	0.00	-1	
13484123962	SMP	1	0.00	0.00	0.00	0.00	-1	
13484173879	SMP	1	0.00	0.00	0.00	0.00	-1	
13484224083	SMP	1	0.00	0.00	0.00	0.00	-1	
13484274646	SMP	1	0.00	0.00	0.00	0.00	-1	
13484324086	SMP	1	0.00	0.00	0.00	0.00	-1	
13484374044	SMP	1	0.00	0.00	0.00	0.00	-1	
13484424036	SMP	1	0.00	0.00	0.00	0.00	-1	
13484474724	SMP	1	0.00	0.00	0.00	0.00	-1	
13484524160	SMP	1	0.00	0.00	0.00	0.00	-1	
13484574127	SMP	1	0.00	0.00	0.00	0.00	-1	
13484624138	SMP	1	0.00	0.00	0.00	0.00	-1	
13484674368	SMP	1	0.00	0.00	0.00	0.00	-1	
13484724312	SMP	1	0.00	0.00	0.00	0.00	-1	
13484774279	SMP	1	0.00	0.00	0.00	0.00	-1	
13484824292	SMP	1	0.00	0.00	0.00	0.00	-1	
13484874717	SMP	1	0.00	0.00	0.00	0.00	-1	
13484924385	SMP	1	0.00	0.00	0.00	0.00	-1	
13484974565	SMP	1	0.00	0.00	0.00	0.00	-1	
13485024414	SMP	1	0.00	0.00	0.00	0.00	-1	
13485074531	SMP	1	0.00	0.00	0.00	0.00	-1	
13485124449	SMP	1	0.00	0.00	0.00	0.00	-1	
13485174511	SMP	1	0.00	0.00	0.00	0.00	-1	
13485224606	SMP	1	0.00	0.00	0.00	0.00	-1	
13485274720	SMP	1	0.00	0.00	0.00	0.00	-1	
13485324624	SMP	1	0.00	0.00	0.00	0.00	-1	
13485374702	SMP	1	0.00	0.00	0.00	0.00	-1	
13485424674	SMP	1	0.00	0.00	0.00	0.00	-1	
13485474875	SMP	1	0.00	0.00	0.00	0.00	-1	
13485524699	SMP	1	0.00	0.00	0.00	0.00	-1	
13485574831	SMP	1	0.00	0.00	0.00	0.00	-1	
13485624759	SMP	1	0.00	0.00	0.00	0.00	-1	
13485674758	SMP	1	0.00	0.00	0.00	0.00	-1	
13485724795	SMP	1	0.00	0.00	0.00	0.00	-1	
13485774803	SMP	1	0.00	0.00	0.00	0.00	-1	
13485824807	SMP	1	0.00	0.00	0.00	0.00	-1	
13485874891	SMP	1	0.00	0.00	0.00	0.00	-1	
13485925011	SMP	1	0.00	0.00	0.00	0.00	-1	
13485975004	SMP	1	0.00	0.00	0.00	0.00	-1	
13486024945	SMP	1	0.00	0.00	0.00	0.00	-1	
13486075061	SMP	1	0.00	0.00	0.00	0.00	-1	
13486124913	SMP	1	0.00	0.00	0.00	0.00	-1	
13486175097	SMP	1	0.00	0.00	0.00	0.00	-1	
13486225033	SMP	1	0.00	0.00	0.00	0.00	-1	
13486276337	SMP	1	0.00	0.00	0.00	0.00	-1	
13486325196	SMP	1	0.00	0.00	0.00	0.00	-1	
13486375341	SMP	1	0.00	0.00	0.00	0.00	-1	
13486425125	SMP	1	0.00	0.00	0.00	0.00	-1	
13486475750	SMP	1	0.00	0.00	0.00	0.00	-1	
13486525144	SMP	1	0.00	0.00	0.00	0.00	-1	
13486575105	SMP	1	0.00	0.00	0.00	0.00	-1	
13486625194	SMP	1	0.00	0.00	0.00	0.00	-1	
13486675209	SMP	1	0.00	0.00	0.00	0.00	-1	
13486725204	SMP	1	0.00	0.00	0.00	0.00	-1	
13486775222	SMP	1	0.00	0.00	0.00	0.00	-1	
13486825208	SMP	1	0.00	0.00	0.00	0.00	-1	
13486875252	SMP	1	0.00	0.00	0.00	0.00	-1	
13486925362	SMP	1	0.00	0.00	0.00	0.00	-1	
13486976706	SMP	1	0.00	0.00	0.00	0.00	-1	
13487025363	SMP	1	0.00	0.00	0.00	0.00	-1	
13487075336	SMP	1	0.00	0.00	0.00	0.00	-1	
13487125420	SMP	1	0.00	0.00	0.00	0.00	-1	
13487175490	SMP	1	0.00	0.00	0.00	0.00	-1	
13487225565	SMP	1	0.00	0.00	0.00	0.00	-1	
13487275531	SMP	1	0.00	0.00	0.00	0.00	-1	
13487325479	SMP	1	0.00	0.00	0.00	0.00	-1	
13487375622	SMP	1	0.00	0.00	0.00	0.00	-1	
13487425635	SMP	1	0.00	0.00	0.00	0.00	-1	
13487476163	SMP	1	0.00	0.00	0.00	0.00	-1	
13487525813	SMP	1	0.00	0.00	0.00	0.00	-1	
13487575555	SMP	1	0.00	0.00	0.00	0.00	-1	
13487625781	SMP	1	0.00	0.00	0.00	0.00	-1	
13487675832	SMP	1	0.00	0.00	0.00	0.00	-1	
13487725787	SMP	1	0.00	0.00	0.00	0.00	-1	
13487776259	SMP	1	0.00	0.00	0.00	0.00	-1	
13487825758	SMP	1	0.00	0.00	0.00	0.00	-1	
13487875873	SMP	1	0.00	0.00	0.00	0.00	-1	
13487925925	SMP	1	0.00	0.00	0.00	0.00	-1	
13487975894	SMP	1	0.00	0.00	0.00	0.00	-1	
13488025881	SMP	1	0.00	0.00	0.00	0.00	-1	
13488076375	SMP	1	0.00	0.00	0.00	0.00	-1	
13488126063	SMP	1	0.00	0.00	0.00	0.00	-1	
13488176104	SMP	1	0.00	0.00	0.00	0.00	-1	
13488226032	SMP	1	0.00	0.00	0.00	0.00	-1	
13488276064	SMP	1	0.00	0.00	0.00	0.00	-1	
13488326117	SMP	1	0.00	0.00	0.00	0.00	-1	
13488376229	SMP	1	0.00	0.00	0.00	0.00	-1	
13488426166	SMP	1	0.00	0.00	0.00	0.00	-1	
13488476776	SMP	1	0.00	0.00	0.00	0.00	-1	
13488526104	SMP	1	0.00	0.00	0.00	0.00	-1	
13488576162	SMP	1	0.00	0.00	0.00	0.00	-1	
13488626231	SMP	1	0.00	0.00	0.00	0.00	-1	
13488676200	SMP	1	0.00	0.00	0.00	0.00	-1	
13488726200	SMP	1	0.00	0.00	0.00	0.00	-1	
13488776322	SMP	1	0.00	0.00	0.00	0.00	-1	
13488826177	SMP	1	0.00	0.00	0.00	0.00	-1	
13488876394	SMP	1	0.00	0.00	0.00	0.00	-1	
13488926536	SMP	1	0.00	0.00	0.00	0.00	-1	
13488976280	SMP	1	0.00	0.00	0.00	0.00	-1	
13489026317	SMP	1	0.00	0.00	0.00	0.00	-1	
13489076275	SMP	1	0.00	0.00	0.00	0.00	-1	
13489126453	SMP	1	0.00	0.00	0.00	0.00	-1	
13489176413	SMP	1	0.00	0.00	0.00	0.00	-1	
13489226404	SMP	1	0.00	0.00	0.00	0.00	-1	
13489276559	SMP	1	0.00	0.00	0.00	0.00	-1	
13489326402	SMP	1	0.00	0.00	0.00	0.00	-1	
13489376586	SMP	1	0.00	0.00	0.00	0.00	-1	
13489426585	SMP	1	0.00	0.00	0.00	0.00	-1	
13489476660	SMP	1	0.00	0.00	0.00	0.00	-1	
13489526579	SMP	1	0.00	0.00	0.00	0.00	-1	
13489576523	SMP	1	0.00	0.00	0.00	0.00	-1	
13489626779	SMP	1	0.00	0.00	0.00	0.00	-1	
13489676903	SMP	1	0.00	0.00	0.00	0.00	-1	
13489727097	SMP	1	0.00	0.00	0.00	0.00	-1	
13489777185	SMP	1	0.00	0.00	0.00	0.00	-1	
13489827339	SMP	1	0.00	0.00	0.00	0.00	-1	
13489876779	SMP	1	0.00	0.00	0.00	0.00	-1	
13489926860	SMP	1	0.00	0.00	0.00	0.00	-1	
13489977402	SMP	1	0.00	0.00	0.00	0.00	-1	
13490026800	SMP	1	0.00	0.00	0.00	0.00	-1	
13490076929	SMP	1	0.00	0.00	0.00	0.00	-1	
13490127063	SMP	1	0.00	0.00	0.00	0.00	-1	
13490177497	SMP	1	0.00	0.00	0.00	0.00	-1	
13490226976	SMP	1	0.00	0.00	0.00	0.00	-1	
13490276863	SMP	1	0.00	0.00	0.00	0.00	-1	
13490327045	SMP	1	0.00	0.00	0.00	0.00	-1	
13490377018	SMP	1	0.00	0.00	0.00	0.00	-1	
13490427057	SMP	1	0.00	0.00	0.00	0.00	-1	
13490477161	SMP	1	0.00	0.00	0.00	0.00	-1	
13490527943	SMP	1	0.00	0.00	0.00	0.00	-1	
13490577549	SMP	1	0.00	0.00	0.00	0.00	-1	
13490627099	SMP	1	0.00	0.00	0.00	0.00	-1	
13490677094	SMP	1	0.00	0.00	0.00	0.00	-1	
13490727226	SMP	1	0.00	0.00	0.00	0.00	-1	
13490777244	SMP	1	0.00	0.00	0.00	0.00	-1	
13490827205	SMP	1	0.00	0.00	0.00	0.00	-1	
13490877233	SMP	1	0.00	0.00	0.00	0.00	-1	
13490927592	SMP	1	0.00	0.00	0.00	0.00	-1	
13490977646	SMP	1	0.00	0.00	0.00	0.00	-1	
13491027322	SMP	1	0.00	0.00	0.00	0.00	-1	
13491077493	SMP	1	0.00	0.00	0.00	0.00	-1	
13491127432	SMP	1	0.00	0.00	0.00	0.00	-1	
13491177782	SMP	1	0.00	0.00	0.00	0.00	-1	
13491227444	SMP	1	0.00	0.00	0.00	0.00	-1	
13491277438	SMP	1	0.00	0.00	0.00	0.00	-1	
13491327750	SMP	1	0.00	0.00	0.00	0.00	-1	
13491377560	SMP	1	0.00	0.00	0.00	0.00	-1	
13491427561	SMP	1	0.00	0.00	0.00	0.00	-1	
13491478131	SMP	1	0.00	0.00	0.00	0.00	-1	
13491527593	SMP	1	0.00	0.00	0.00	0.00	-1	
13491577611	SMP	1	0.00	0.00	0.00	0.00	-1	
13491627691	SMP	1	0.00	0.00	0.00	0.00	-1	
13491677765	SMP	1	0.00	0.00	0.00	0.00	-1	
13491727946	SMP	1	0.00	0.00	0.00	0.00	-1	
13491777673	SMP	1	0.00	0.00	0.00	0.00	-1	
13491827659	SMP	1	0.00	0.00	0.00	0.00	-1	
13491878440	SMP	1	0.00	0.00	0.00	0.00	-1	
13491927831	SMP	1	0.00	0.00	0.00	0.00	-1	
13491978292	SMP	1	0.00	0.00	0.00	0.00	-1	
13492027759	SMP	1	0.00	0.00	0.00	0.00	-1	
13492077857	SMP	1	0.00	0.00	0.00	0.00	-1	
13492128096	SMP	1	0.00	0.00	0.00	0.00	-1	
13492178434	SMP	1	0.00	0.00	0.00	0.00	-1	
13492227934	SMP	1	0.00	0.00	0.00	0.00	-1	
13492278426	SMP	1	0.00	0.00	0.00	0.00	-1	
13492327943	SMP	1	0.00	0.00	0.00	0.00	-1	
13492378544	SMP	1	0.00	0.00	0.00	0.00	-1	
13492428008	SMP	1	0.00	0.00	0.00	0.00	-1	
13492478820	SMP	1	0.00	0.00	0.00	0.00	-1	
13492528261	SMP	1	0.00	0.00	0.00	0.00	-1	
13492578149	SMP	1	0.00	0.00	0.00	0.00	-1	
13492628142	SMP	1	0.00	0.00	0.00	0.00	-1	
13492678305	SMP	1	0.00	0.00	0.00	0.00	-1	
13492728188	SMP	1	0.00	0.00	0.00	0.00	-1	
13492778717	SMP	1	0.00	0.00	0.00	0.00	-1	
13492828220	SMP	1	0.00	0.00	0.00	0.00	-1	
13492878659	SMP	1	0.00	0.00	0.00	0.00	-1	
13492928393	SMP	1	0.00	0.00	0.00	0.00	-1	
13492978876	SMP	1	0.00	0.00	0.00	0.00	-1	
13493028313	SMP	1	0.00	0.00	0.00	0.00	-1	
13493079192	SMP	1	0.00	0.00	0.00	0.00	-1	
13493128406	SMP	1	0.00	0.00	0.00	0.00	-1	
13493178945	SMP	1	0.00	0.00	0.00	0.00	-1	
13493228387	SMP	1	0.00	0.00	0.00	0.00	-1	
13493279094	SMP	1	0.00	0.00	0.00	0.00	-1	
13493329242	SMP	1	0.00	0.00	0.00	0.00	-1	
13493379113	SMP	1	0.00	0.00	0.00	0.00	-1	
13493428515	SMP	1	0.00	0.00	0.00	0.00	-1	
13493479050	SMP	1	0.00	0.00	0.00	0.00	-1	
13493528558	SMP	1	0.00	0.00	0.00	0.00	-1	
13493578676	SMP	1	0.00	0.00	0.00	0.00	-1	
13493628630	SMP	1	0.00	0.00	0.00	0.00	-1	
13493679390	SMP	1	0.00	0.00	0.00	0.00	-1	
13493728874	SMP	1	0.00	0.00	0.00	0.00	-1	
13493778704	SMP	1	0.00	0.00	0.00	0.00	-1	
13493828677	SMP	1	0.00	0.00	0.00	0.00	-1	
13493879269	SMP	1	0.00	0.00	0.00	0.00	-1	
13493928787	SMP	1	0.00	0.00	0.00	0.00	-1	
13493979058	SMP	1	0.00	0.00	0.00	0.00	-1	
13494028769	SMP	1	0.00	0.00	0.00	0.00	-1	
13494079665	SMP	1	0.00	0.00	0.00	0.00	-1	
13494129134	SMP	1	0.00	0.00	0.00	0.00	-1	
13494179411	SMP	1	0.00	0.00	0.00	0.00	-1	
13494228956	SMP	1	0.00	0.00	0.00	0.00	-1	
13494278903	SMP	1	0.00	0.00	0.00	0.00	-1	
13494328906	SMP	1	0.00	0.00	0.00	0.00	-1	
13494379056	SMP	1	0.00	0.00	0.00	0.00	-1	
13494429059	SMP	1	0.00	0.00	0.00	0.00	-1	
13494479122	SMP	1	0.00	0.00	0.00	0.00	-1	
13494528998	SMP	1	0.00	0.00	0.00	0.00	-1	
13494579205	SMP	1	0.00	0.00	0.00	0.00	-1	
13494629202	SMP	1	0.00	0.00	0.00	0.00	-1	
13494679129	SMP	1	0.00	0.00	0.00	0.00	-1	
13494729167	SMP	1	0.00	0.00	0.00	0.00	-1	
13494779268	SMP	1	0.00	0.00	0.00	0.00	-1	
13494829230	SMP	1	0.00	0.00	0.00	0.00	-1	
13494880080	SMP	1	0.00	0.00	0.00	0.00	-1	
13494929223	SMP	1	0.00	0.00	0.00	0.00	-1	
13494979792	SMP	1	0.00	0.00	0.00	0.00	-1	
13495029240	SMP	1	0.00	0.00	0.00	0.00	-1	
13495079374	SMP	1	0.00	0.00	0.00	0.00	-1	
13495129370	SMP	1	0.00	0.00	0.00	0.00	-1	
13495179296	SMP	1	0.00	0.00	0.00	0.00	-1	
13495229363	SMP	1	0.00	0.00	0.00	0.00	-1	
13495280032	SMP	1	0.00	0.00	0.00	0.00	-1	
13495329362	SMP	1	0.00	0.00	0.00	0.00	-1	
13495379592	SMP	1	0.00	0.00	0.00	0.00	-1	
13495429499	SMP	1	0.00	0.00	0.00	0.00	-1	
13495479990	SMP	1	0.00	0.00	0.00	0.00	-1	
13495529540	SMP	1	0.00	0.00	0.00	0.00	-1	
13495579814	SMP	1	0.00	0.00	0.00	0.00	-1	
13495629699	SMP	1	0.00	0.00	0.00	0.00	-1	
13495680121	SMP	1	0.00	0.00	0.00	0.00	-1	
13495729700	SMP	1	0.00	0.00	0.00	0.00	-1	
13495780638	SMP	1	0.00	0.00	0.00	0.00	-1	
13495829608	SMP	1	0.00	0.00	0.00	0.00	-1	
13495879883	SMP	1	0.00	0.00	0.00	0.00	-1	
13495929752	SMP	1	0.00	0.00	0.00	0.00	-1	
13495979801	SMP	1	0.00	0.00	0.00	0.00	-1	
13496029736	SMP	1	0.00	0.00	0.00	0.00	-1	
13496080381	SMP	1	0.00	0.00	0.00	0.00	-1	
13496129891	SMP	1	0.00	0.00	0.00	0.00	-1	
13496179992	SMP	1	0.00	0.00	0.00	0.00	-1	
13496229882	SMP	1	0.00	0.00	0.00	0.00	-1	
13496279994	SMP	1	0.00	0.00	0.00	0.00	-1	
13496329992	SMP	1	0.00	0.00	0.00	0.00	-1	
13496380019	SMP	1	0.00	0.00	0.00	0.00	-1	
13496429998	SMP	1	0.00	0.00	0.00	0.00	-1	
13496480331	SMP	1	0.00	0.00	0.00	0.00	-1	
13496530107	SMP	1	0.00	0.00	0.00	0.00	-1	
13496580084	SMP	1	0.00	0.00	0.00	0.00	-1	
13496630133	SMP	1	0.00	0.00	0.00	0.00	-1	
13496680267	SMP	1	0.00	0.00	0.00	0.00	-1	
13496730193	SMP	1	0.00	0.00	0.00	0.00	-1	
13496780212	SMP	1	0.00	0.00	0.00	0.00	-1	
13496830160	SMP	1	0.00	0.00	0.00	0.00	-1	
13496880932	SMP	1	0.00	0.00	0.00	0.00	-1	
13496930356	SMP	1	0.00	0.00	0.00	0.00	-1	
13496980822	SMP	1	0.00	0.00	0.00	0.00	-1	
13497030310	SMP	1	0.00	0.00	0.00	0.00	-1	
13497080491	SMP	1	0.00	0.00	0.00	0.00	-1	
13497130390	SMP	1	0.00	0.00	0.00	0.00	-1	
13497180460	SMP	1	0.00	0.00	0.00	0.00	-1	
13497230478	SMP	1	0.00	0.00	0.00	0.00	-1	
13497280551	SMP	1	0.00	0.00	0.00	0.00	-1	
13497330428	SMP	1	0.00	0.00	0.00	0.00	-1	
