## [iView]
## Converted from:	F:\transfer\to convert\negtracker5_3\121312_04-eye_data.idf
## Date:	13.12.2012 20:05:26
## Version:	IDF Converter 3.0.16
## IDF Version:	9
## Sample Rate:	120
## Separator Type:	Msg
## Trial Count:	1
## Uses Plane File:	False
## Number of Samples:	886                                                                                                                                                                                                                                                             
## Reversed:	none
## [Run]
## Subject:	121312_04                                                                                                                                                                                                                                                       
## Description:	                                                                                                                                                                                                                                                                
## [Calibration]
## Calibration Type:	2-point
## Calibration Area:	1680	1050
## Calibration Point 0:	Position(335;210)
## Calibration Point 1:	Position(1343;840)
## [Geometry]
## Stimulus Dimension [mm]:	474	297
## Head Distance [mm]:	700
## [Hardware Setup]
## System ID:	IVR-X-1040-05197-SMU
## Operating System :	5.1
## iView X Version:	2.7.13
## [Filter Settings]
## Heuristic:	False
## Heuristic Stage:	0
## Bilateral:	True
## Gaze Cursor Filter:	True
## Saccade Length [px]:	80
## Filter Depth [ms]:	20
## Format:	LEFT, RIGHT, POR, MSG, FRAMECOUNTER
## 
Time	Type	Trial	L POR X [px]	L POR Y [px]	R POR X [px]	R POR Y [px]	Frame	Aux1
5730751926	SMP	1	0.00	0.00	0.00	0.00	-1	
5730801995	SMP	1	0.00	0.00	0.00	0.00	-1	
5730852070	SMP	1	0.00	0.00	0.00	0.00	-1	
5730902025	SMP	1	0.00	0.00	0.00	0.00	-1	
5730952063	SMP	1	0.00	0.00	0.00	0.00	-1	
5731002017	SMP	1	0.00	0.00	0.00	0.00	-1	
5731052142	SMP	1	0.00	0.00	0.00	0.00	-1	
5731102216	SMP	1	0.00	0.00	0.00	0.00	-1	
5731152178	SMP	1	0.00	0.00	0.00	0.00	-1	
5731202135	SMP	1	0.00	0.00	0.00	0.00	-1	
5731252196	SMP	1	0.00	0.00	0.00	0.00	-1	
5731302219	SMP	1	0.00	0.00	0.00	0.00	-1	
5731352377	SMP	1	0.00	0.00	0.00	0.00	-1	
5731402268	SMP	1	0.00	0.00	0.00	0.00	-1	
5731452287	SMP	1	0.00	0.00	0.00	0.00	-1	
5731502230	SMP	1	0.00	0.00	0.00	0.00	-1	
5731552306	SMP	1	0.00	0.00	0.00	0.00	-1	
5731602479	SMP	1	0.00	0.00	0.00	0.00	-1	
5731652437	SMP	1	0.00	0.00	0.00	0.00	-1	
5731702452	SMP	1	0.00	0.00	0.00	0.00	-1	
5731752504	SMP	1	0.00	0.00	0.00	0.00	-1	
5731802375	SMP	1	0.00	0.00	0.00	0.00	-1	
5731852566	SMP	1	0.00	0.00	0.00	0.00	-1	
5731902501	SMP	1	0.00	0.00	0.00	0.00	-1	
5732340447	MSG	1	# Message: elmo_duck.avi
5732352731	SMP	1	0.00	0.00	0.00	0.00	-1	
5732402736	SMP	1	0.00	0.00	0.00	0.00	-1	
5732452690	SMP	1	0.00	0.00	0.00	0.00	-1	
5732502823	SMP	1	0.00	0.00	0.00	0.00	-1	
5732552860	SMP	1	0.00	0.00	0.00	0.00	-1	
5732603004	SMP	1	0.00	0.00	0.00	0.00	-1	
5732652855	SMP	1	0.00	0.00	0.00	0.00	-1	
5732702901	SMP	1	0.00	0.00	0.00	0.00	-1	
5732752879	SMP	1	0.00	0.00	0.00	0.00	-1	
5732802872	SMP	1	0.00	0.00	0.00	0.00	-1	
5732853001	SMP	1	0.00	0.00	0.00	0.00	-1	
5732903322	SMP	1	0.00	0.00	0.00	0.00	-1	
5732953158	SMP	1	0.00	0.00	0.00	0.00	-1	
5733003003	SMP	1	0.00	0.00	0.00	0.00	-1	
5733053158	SMP	1	0.00	0.00	0.00	0.00	-1	
5733103203	SMP	1	0.00	0.00	0.00	0.00	-1	
5733153120	SMP	1	0.00	0.00	0.00	0.00	-1	
5733203340	SMP	1	0.00	0.00	0.00	0.00	-1	
5733253127	SMP	1	0.00	0.00	0.00	0.00	-1	
5733303610	SMP	1	0.00	0.00	0.00	0.00	-1	
5733353250	SMP	1	0.00	0.00	0.00	0.00	-1	
5733403400	SMP	1	0.00	0.00	0.00	0.00	-1	
5733453200	SMP	1	0.00	0.00	0.00	0.00	-1	
5733503215	SMP	1	0.00	0.00	0.00	0.00	-1	
5733553337	SMP	1	0.00	0.00	0.00	0.00	-1	
5733603592	SMP	1	0.00	0.00	0.00	0.00	-1	
5733653312	SMP	1	0.00	0.00	0.00	0.00	-1	
5733703685	SMP	1	0.00	0.00	0.00	0.00	-1	
5733753354	SMP	1	0.00	0.00	0.00	0.00	-1	
5733803446	SMP	1	0.00	0.00	0.00	0.00	-1	
5733853479	SMP	1	0.00	0.00	0.00	0.00	-1	
5733903454	SMP	1	0.00	0.00	0.00	0.00	-1	
5733953474	SMP	1	0.00	0.00	0.00	0.00	-1	
5734003471	SMP	1	0.00	0.00	0.00	0.00	-1	
5734053615	SMP	1	0.00	0.00	0.00	0.00	-1	
5734103925	SMP	1	0.00	0.00	0.00	0.00	-1	
5734153683	SMP	1	0.00	0.00	0.00	0.00	-1	
5734203692	SMP	1	0.00	0.00	0.00	0.00	-1	
5734253583	SMP	1	0.00	0.00	0.00	0.00	-1	
5734303694	SMP	1	0.00	0.00	0.00	0.00	-1	
5734353715	SMP	1	0.00	0.00	0.00	0.00	-1	
5734403769	SMP	1	0.00	0.00	0.00	0.00	-1	
5734453937	SMP	1	0.00	0.00	0.00	0.00	-1	
5734503912	SMP	1	0.00	0.00	0.00	0.00	-1	
5734553927	SMP	1	0.00	0.00	0.00	0.00	-1	
5734603826	SMP	1	0.00	0.00	0.00	0.00	-1	
5734653868	SMP	1	0.00	0.00	0.00	0.00	-1	
5734703846	SMP	1	0.00	0.00	0.00	0.00	-1	
5734754319	SMP	1	0.00	0.00	0.00	0.00	-1	
5734803939	SMP	1	0.00	0.00	0.00	0.00	-1	
5734853901	SMP	1	0.00	0.00	0.00	0.00	-1	
5734904154	SMP	1	0.00	0.00	0.00	0.00	-1	
5734953977	SMP	1	0.00	0.00	0.00	0.00	-1	
5735003956	SMP	1	0.00	0.00	0.00	0.00	-1	
5735054035	SMP	1	0.00	0.00	0.00	0.00	-1	
5735104055	SMP	1	0.00	0.00	0.00	0.00	-1	
5735154132	SMP	1	0.00	0.00	0.00	0.00	-1	
5735204070	SMP	1	0.00	0.00	0.00	0.00	-1	
5735254019	SMP	1	0.00	0.00	0.00	0.00	-1	
5735304271	SMP	1	0.00	0.00	0.00	0.00	-1	
5735354463	SMP	1	0.00	0.00	0.00	0.00	-1	
5735404594	SMP	1	0.00	0.00	0.00	0.00	-1	
5735454170	SMP	1	0.00	0.00	0.00	0.00	-1	
5735504172	SMP	1	0.00	0.00	0.00	0.00	-1	
5735554346	SMP	1	0.00	0.00	0.00	0.00	-1	
5735604414	SMP	1	0.00	0.00	0.00	0.00	-1	
5735654368	SMP	1	0.00	0.00	0.00	0.00	-1	
5735704335	SMP	1	0.00	0.00	0.00	0.00	-1	
5735754472	SMP	1	0.00	0.00	0.00	0.00	-1	
5735804392	SMP	1	0.00	0.00	0.00	0.00	-1	
5735854675	SMP	1	0.00	0.00	0.00	0.00	-1	
5735904425	SMP	1	0.00	0.00	0.00	0.00	-1	
5735954459	SMP	1	0.00	0.00	0.00	0.00	-1	
5736004543	SMP	1	0.00	0.00	0.00	0.00	-1	
5736054603	SMP	1	0.00	0.00	0.00	0.00	-1	
5736104572	SMP	1	0.00	0.00	0.00	0.00	-1	
5736154569	SMP	1	0.00	0.00	0.00	0.00	-1	
5736204653	SMP	1	0.00	0.00	0.00	0.00	-1	
5736254644	SMP	1	0.00	0.00	0.00	0.00	-1	
5736304626	SMP	1	0.00	0.00	0.00	0.00	-1	
5736354709	SMP	1	0.00	0.00	0.00	0.00	-1	
5736404727	SMP	1	0.00	0.00	0.00	0.00	-1	
5736454807	SMP	1	0.00	0.00	0.00	0.00	-1	
5736504961	SMP	1	0.00	0.00	0.00	0.00	-1	
5736554877	SMP	1	0.00	0.00	0.00	0.00	-1	
5736604802	SMP	1	0.00	0.00	0.00	0.00	-1	
5736654793	SMP	1	0.00	0.00	0.00	0.00	-1	
5736704791	SMP	1	0.00	0.00	0.00	0.00	-1	
5736754685	SMP	1	0.00	0.00	0.00	0.00	-1	
5736804889	SMP	1	0.00	0.00	0.00	0.00	-1	
5736854983	SMP	1	0.00	0.00	0.00	0.00	-1	
5736904951	SMP	1	0.00	0.00	0.00	0.00	-1	
5736954927	SMP	1	0.00	0.00	0.00	0.00	-1	
5737004965	SMP	1	0.00	0.00	0.00	0.00	-1	
5737055022	SMP	1	0.00	0.00	0.00	0.00	-1	
5737104972	SMP	1	0.00	0.00	0.00	0.00	-1	
5737154991	SMP	1	0.00	0.00	0.00	0.00	-1	
5737205014	SMP	1	0.00	0.00	0.00	0.00	-1	
5737254983	SMP	1	0.00	0.00	0.00	0.00	-1	
5737305155	SMP	1	0.00	0.00	0.00	0.00	-1	
5737355161	SMP	1	0.00	0.00	0.00	0.00	-1	
5737405178	SMP	1	0.00	0.00	0.00	0.00	-1	
5737455098	SMP	1	0.00	0.00	0.00	0.00	-1	
5737505133	SMP	1	0.00	0.00	0.00	0.00	-1	
5737555434	SMP	1	0.00	0.00	0.00	0.00	-1	
5737605581	SMP	1	0.00	0.00	0.00	0.00	-1	
5737655230	SMP	1	0.00	0.00	0.00	0.00	-1	
5737705370	SMP	1	0.00	0.00	0.00	0.00	-1	
5737755330	SMP	1	0.00	0.00	0.00	0.00	-1	
5737805509	SMP	1	0.00	0.00	0.00	0.00	-1	
5737855353	SMP	1	0.00	0.00	0.00	0.00	-1	
5737905367	SMP	1	0.00	0.00	0.00	0.00	-1	
5737955529	SMP	1	0.00	0.00	0.00	0.00	-1	
5738005458	SMP	1	0.00	0.00	0.00	0.00	-1	
5738055551	SMP	1	0.00	0.00	0.00	0.00	-1	
5738105869	SMP	1	0.00	0.00	0.00	0.00	-1	
5738155561	SMP	1	0.00	0.00	0.00	0.00	-1	
5738205608	SMP	1	0.00	0.00	0.00	0.00	-1	
5738255565	SMP	1	0.00	0.00	0.00	0.00	-1	
5738305605	SMP	1	0.00	0.00	0.00	0.00	-1	
5738355650	SMP	1	0.00	0.00	0.00	0.00	-1	
5738405887	SMP	1	0.00	0.00	0.00	0.00	-1	
5738455796	SMP	1	0.00	0.00	0.00	0.00	-1	
5738505926	SMP	1	0.00	0.00	0.00	0.00	-1	
5738555887	SMP	1	0.00	0.00	0.00	0.00	-1	
5738605867	SMP	1	0.00	0.00	0.00	0.00	-1	
5738655748	SMP	1	0.00	0.00	0.00	0.00	-1	
5738705791	SMP	1	0.00	0.00	0.00	0.00	-1	
5738755789	SMP	1	0.00	0.00	0.00	0.00	-1	
5738805875	SMP	1	0.00	0.00	0.00	0.00	-1	
5738855927	SMP	1	0.00	0.00	0.00	0.00	-1	
5738905998	SMP	1	0.00	0.00	0.00	0.00	-1	
5738956354	SMP	1	0.00	0.00	0.00	0.00	-1	
5739005965	SMP	1	0.00	0.00	0.00	0.00	-1	
5739055929	SMP	1	0.00	0.00	0.00	0.00	-1	
5739106053	SMP	1	0.00	0.00	0.00	0.00	-1	
5739156247	SMP	1	0.00	0.00	0.00	0.00	-1	
5739205928	SMP	1	0.00	0.00	0.00	0.00	-1	
5739256030	SMP	1	0.00	0.00	0.00	0.00	-1	
5739306111	SMP	1	0.00	0.00	0.00	0.00	-1	
5739356180	SMP	1	0.00	0.00	0.00	0.00	-1	
5739406122	SMP	1	0.00	0.00	0.00	0.00	-1	
5739456212	SMP	1	0.00	0.00	0.00	0.00	-1	
5739506207	SMP	1	0.00	0.00	0.00	0.00	-1	
5739556197	SMP	1	0.00	0.00	0.00	0.00	-1	
5739606260	SMP	1	0.00	0.00	0.00	0.00	-1	
5739656256	SMP	1	0.00	0.00	0.00	0.00	-1	
5739706245	SMP	1	0.00	0.00	0.00	0.00	-1	
5739756395	SMP	1	0.00	0.00	0.00	0.00	-1	
5739806340	SMP	1	0.00	0.00	0.00	0.00	-1	
5739856365	SMP	1	0.00	0.00	0.00	0.00	-1	
5739906327	SMP	1	0.00	0.00	0.00	0.00	-1	
5739956314	SMP	1	0.00	0.00	0.00	0.00	-1	
5740006480	SMP	1	0.00	0.00	0.00	0.00	-1	
5740056459	SMP	1	0.00	0.00	0.00	0.00	-1	
5740106467	SMP	1	0.00	0.00	0.00	0.00	-1	
5740156476	SMP	1	0.00	0.00	0.00	0.00	-1	
5740206467	SMP	1	0.00	0.00	0.00	0.00	-1	
5740256527	SMP	1	0.00	0.00	0.00	0.00	-1	
5740306528	SMP	1	0.00	0.00	0.00	0.00	-1	
5740356600	SMP	1	0.00	0.00	0.00	0.00	-1	
5740406579	SMP	1	0.00	0.00	0.00	0.00	-1	
5740456602	SMP	1	0.00	0.00	0.00	0.00	-1	
5740506717	SMP	1	0.00	0.00	0.00	0.00	-1	
5740556578	SMP	1	0.00	0.00	0.00	0.00	-1	
5740606648	SMP	1	0.00	0.00	0.00	0.00	-1	
5740656687	SMP	1	0.00	0.00	0.00	0.00	-1	
5740706682	SMP	1	0.00	0.00	0.00	0.00	-1	
5740756761	SMP	1	0.00	0.00	0.00	0.00	-1	
5740806759	SMP	1	0.00	0.00	0.00	0.00	-1	
5740856881	SMP	1	0.00	0.00	0.00	0.00	-1	
5740906833	SMP	1	0.00	0.00	0.00	0.00	-1	
5740956826	SMP	1	0.00	0.00	0.00	0.00	-1	
5741006955	SMP	1	0.00	0.00	0.00	0.00	-1	
5741056918	SMP	1	0.00	0.00	0.00	0.00	-1	
5741106919	SMP	1	0.00	0.00	0.00	0.00	-1	
5741156924	SMP	1	0.00	0.00	0.00	0.00	-1	
5741206937	SMP	1	0.00	0.00	0.00	0.00	-1	
5741257010	SMP	1	0.00	0.00	0.00	0.00	-1	
5741307084	SMP	1	0.00	0.00	0.00	0.00	-1	
5741357216	SMP	1	0.00	0.00	0.00	0.00	-1	
5741407060	SMP	1	0.00	0.00	0.00	0.00	-1	
5741457029	SMP	1	0.00	0.00	0.00	0.00	-1	
5741507166	SMP	1	0.00	0.00	0.00	0.00	-1	
5741557085	SMP	1	0.00	0.00	0.00	0.00	-1	
5741607300	SMP	1	0.00	0.00	0.00	0.00	-1	
5741657145	SMP	1	0.00	0.00	0.00	0.00	-1	
5741707194	SMP	1	0.00	0.00	0.00	0.00	-1	
5741757282	SMP	1	0.00	0.00	0.00	0.00	-1	
5741807288	SMP	1	0.00	0.00	0.00	0.00	-1	
5741857369	SMP	1	0.00	0.00	0.00	0.00	-1	
5741907276	SMP	1	0.00	0.00	0.00	0.00	-1	
5741957465	SMP	1	0.00	0.00	0.00	0.00	-1	
5742007400	SMP	1	0.00	0.00	0.00	0.00	-1	
5742057410	SMP	1	0.00	0.00	0.00	0.00	-1	
5742107430	SMP	1	0.00	0.00	0.00	0.00	-1	
5742157396	SMP	1	0.00	0.00	0.00	0.00	-1	
5742207409	SMP	1	0.00	0.00	0.00	0.00	-1	
5742257501	SMP	1	0.00	0.00	0.00	0.00	-1	
5742307488	SMP	1	0.00	0.00	0.00	0.00	-1	
5742357558	SMP	1	0.00	0.00	0.00	0.00	-1	
5742407544	SMP	1	0.00	0.00	0.00	0.00	-1	
5742457586	SMP	1	0.00	0.00	0.00	0.00	-1	
5742507639	SMP	1	0.00	0.00	0.00	0.00	-1	
5742557612	SMP	1	0.00	0.00	0.00	0.00	-1	
5742607642	SMP	1	0.00	0.00	0.00	0.00	-1	
5742657671	SMP	1	0.00	0.00	0.00	0.00	-1	
5742707644	SMP	1	0.00	0.00	0.00	0.00	-1	
5742757776	SMP	1	0.00	0.00	0.00	0.00	-1	
5742807763	SMP	1	0.00	0.00	0.00	0.00	-1	
5742857773	SMP	1	0.00	0.00	0.00	0.00	-1	
5742907764	SMP	1	0.00	0.00	0.00	0.00	-1	
5742957805	SMP	1	0.00	0.00	0.00	0.00	-1	
5743007846	SMP	1	0.00	0.00	0.00	0.00	-1	
5743058154	SMP	1	0.00	0.00	0.00	0.00	-1	
5743107905	SMP	1	0.00	0.00	0.00	0.00	-1	
5743157880	SMP	1	0.00	0.00	0.00	0.00	-1	
5743207934	SMP	1	0.00	0.00	0.00	0.00	-1	
5743257941	SMP	1	0.00	0.00	0.00	0.00	-1	
5743308033	SMP	1	0.00	0.00	0.00	0.00	-1	
5743358041	SMP	1	0.00	0.00	0.00	0.00	-1	
5743408022	SMP	1	0.00	0.00	0.00	0.00	-1	
5743457989	SMP	1	0.00	0.00	0.00	0.00	-1	
5743508145	SMP	1	0.00	0.00	0.00	0.00	-1	
5743558170	SMP	1	0.00	0.00	0.00	0.00	-1	
5743608161	SMP	1	0.00	0.00	0.00	0.00	-1	
5743658141	SMP	1	0.00	0.00	0.00	0.00	-1	
5743708165	SMP	1	0.00	0.00	0.00	0.00	-1	
5743758256	SMP	1	0.00	0.00	0.00	0.00	-1	
5743808235	SMP	1	0.00	0.00	0.00	0.00	-1	
5743858301	SMP	1	0.00	0.00	0.00	0.00	-1	
5743908204	SMP	1	0.00	0.00	0.00	0.00	-1	
5743958238	SMP	1	0.00	0.00	0.00	0.00	-1	
5744008383	SMP	1	0.00	0.00	0.00	0.00	-1	
5744058297	SMP	1	0.00	0.00	0.00	0.00	-1	
5744108396	SMP	1	0.00	0.00	0.00	0.00	-1	
5744158364	SMP	1	0.00	0.00	0.00	0.00	-1	
5744208398	SMP	1	0.00	0.00	0.00	0.00	-1	
5744258481	SMP	1	0.00	0.00	0.00	0.00	-1	
5744308461	SMP	1	0.00	0.00	0.00	0.00	-1	
5744358535	SMP	1	0.00	0.00	0.00	0.00	-1	
5744408488	SMP	1	0.00	0.00	0.00	0.00	-1	
5744458506	SMP	1	0.00	0.00	0.00	0.00	-1	
5744508641	SMP	1	0.00	0.00	0.00	0.00	-1	
5744558519	SMP	1	0.00	0.00	0.00	0.00	-1	
5744608594	SMP	1	0.00	0.00	0.00	0.00	-1	
5744658597	SMP	1	0.00	0.00	0.00	0.00	-1	
5744708600	SMP	1	0.00	0.00	0.00	0.00	-1	
5744758669	SMP	1	0.00	0.00	0.00	0.00	-1	
5744808727	SMP	1	0.00	0.00	0.00	0.00	-1	
5744858678	SMP	1	0.00	0.00	0.00	0.00	-1	
5744908758	SMP	1	0.00	0.00	0.00	0.00	-1	
5744958745	SMP	1	0.00	0.00	0.00	0.00	-1	
5745008860	SMP	1	0.00	0.00	0.00	0.00	-1	
5745058814	SMP	1	0.00	0.00	0.00	0.00	-1	
5745108839	SMP	1	0.00	0.00	0.00	0.00	-1	
5745158850	SMP	1	0.00	0.00	0.00	0.00	-1	
5745208906	SMP	1	0.00	0.00	0.00	0.00	-1	
5745258953	SMP	1	0.00	0.00	0.00	0.00	-1	
5745308999	SMP	1	0.00	0.00	0.00	0.00	-1	
5745358926	SMP	1	0.00	0.00	0.00	0.00	-1	
5745409008	SMP	1	0.00	0.00	0.00	0.00	-1	
5745458934	SMP	1	0.00	0.00	0.00	0.00	-1	
5745509146	SMP	1	0.00	0.00	0.00	0.00	-1	
5745559151	SMP	1	0.00	0.00	0.00	0.00	-1	
5745609056	SMP	1	0.00	0.00	0.00	0.00	-1	
5745659075	SMP	1	0.00	0.00	0.00	0.00	-1	
5745709211	SMP	1	0.00	0.00	0.00	0.00	-1	
5745759203	SMP	1	0.00	0.00	0.00	0.00	-1	
5745809204	SMP	1	0.00	0.00	0.00	0.00	-1	
5745859257	SMP	1	0.00	0.00	0.00	0.00	-1	
5745909489	SMP	1	0.00	0.00	0.00	0.00	-1	
5745959318	SMP	1	0.00	0.00	0.00	0.00	-1	
5746009269	SMP	1	0.00	0.00	0.00	0.00	-1	
5746059286	SMP	1	0.00	0.00	0.00	0.00	-1	
5746109499	SMP	1	0.00	0.00	0.00	0.00	-1	
5746159331	SMP	1	0.00	0.00	0.00	0.00	-1	
5746209410	SMP	1	0.00	0.00	0.00	0.00	-1	
5746259431	SMP	1	0.00	0.00	0.00	0.00	-1	
5746309773	SMP	1	0.00	0.00	0.00	0.00	-1	
5746359596	SMP	1	0.00	0.00	0.00	0.00	-1	
5746409466	SMP	1	0.00	0.00	0.00	0.00	-1	
5746459564	SMP	1	0.00	0.00	0.00	0.00	-1	
5746509581	SMP	1	0.00	0.00	0.00	0.00	-1	
5746559446	SMP	1	0.00	0.00	0.00	0.00	-1	
5746609582	SMP	1	0.00	0.00	0.00	0.00	-1	
5746659551	SMP	1	0.00	0.00	0.00	0.00	-1	
5746709770	SMP	1	0.00	0.00	0.00	0.00	-1	
5746759608	SMP	1	0.00	0.00	0.00	0.00	-1	
5746809654	SMP	1	0.00	0.00	0.00	0.00	-1	
5746860173	SMP	1	0.00	0.00	0.00	0.00	-1	
5746909726	SMP	1	0.00	0.00	0.00	0.00	-1	
5746959742	SMP	1	0.00	0.00	0.00	0.00	-1	
5747009828	SMP	1	0.00	0.00	0.00	0.00	-1	
5747059721	SMP	1	0.00	0.00	0.00	0.00	-1	
5747110436	SMP	1	0.00	0.00	0.00	0.00	-1	
5747159952	SMP	1	0.00	0.00	0.00	0.00	-1	
5747209942	SMP	1	0.00	0.00	0.00	0.00	-1	
5747259913	SMP	1	0.00	0.00	0.00	0.00	-1	
5747309944	SMP	1	0.00	0.00	0.00	0.00	-1	
5747359895	SMP	1	0.00	0.00	0.00	0.00	-1	
5747409932	SMP	1	0.00	0.00	0.00	0.00	-1	
5747460023	SMP	1	0.00	0.00	0.00	0.00	-1	
5747510301	SMP	1	0.00	0.00	0.00	0.00	-1	
5747560010	SMP	1	0.00	0.00	0.00	0.00	-1	
5747610271	SMP	1	0.00	0.00	0.00	0.00	-1	
5747660010	SMP	1	0.00	0.00	0.00	0.00	-1	
5747710163	SMP	1	0.00	0.00	0.00	0.00	-1	
5747760233	SMP	1	0.00	0.00	0.00	0.00	-1	
5747810201	SMP	1	0.00	0.00	0.00	0.00	-1	
5747860157	SMP	1	0.00	0.00	0.00	0.00	-1	
5747910360	SMP	1	0.00	0.00	0.00	0.00	-1	
5747960249	SMP	1	0.00	0.00	0.00	0.00	-1	
5748010262	SMP	1	0.00	0.00	0.00	0.00	-1	
5748060212	SMP	1	0.00	0.00	0.00	0.00	-1	
5748110528	SMP	1	0.00	0.00	0.00	0.00	-1	
5748160262	SMP	1	0.00	0.00	0.00	0.00	-1	
5748210394	SMP	1	0.00	0.00	0.00	0.00	-1	
5748260382	SMP	1	0.00	0.00	0.00	0.00	-1	
5748310559	SMP	1	0.00	0.00	0.00	0.00	-1	
5748360385	SMP	1	0.00	0.00	0.00	0.00	-1	
5748410405	SMP	1	0.00	0.00	0.00	0.00	-1	
5748460512	SMP	1	0.00	0.00	0.00	0.00	-1	
5748510528	SMP	1	0.00	0.00	0.00	0.00	-1	
5748560410	SMP	1	0.00	0.00	0.00	0.00	-1	
5748610708	SMP	1	0.00	0.00	0.00	0.00	-1	
5748660489	SMP	1	0.00	0.00	0.00	0.00	-1	
5748710791	SMP	1	0.00	0.00	0.00	0.00	-1	
5748760602	SMP	1	0.00	0.00	0.00	0.00	-1	
5748810654	SMP	1	0.00	0.00	0.00	0.00	-1	
5748860875	SMP	1	0.00	0.00	0.00	0.00	-1	
5748910736	SMP	1	0.00	0.00	0.00	0.00	-1	
5748960726	SMP	1	0.00	0.00	0.00	0.00	-1	
5749010732	SMP	1	0.00	0.00	0.00	0.00	-1	
5749060719	SMP	1	0.00	0.00	0.00	0.00	-1	
5749110992	SMP	1	0.00	0.00	0.00	0.00	-1	
5749160765	SMP	1	0.00	0.00	0.00	0.00	-1	
5749210852	SMP	1	0.00	0.00	0.00	0.00	-1	
5749260830	SMP	1	0.00	0.00	0.00	0.00	-1	
5749310863	SMP	1	0.00	0.00	0.00	0.00	-1	
5749360885	SMP	1	0.00	0.00	0.00	0.00	-1	
5749410858	SMP	1	0.00	0.00	0.00	0.00	-1	
5749461060	SMP	1	0.00	0.00	0.00	0.00	-1	
5749511110	SMP	1	0.00	0.00	0.00	0.00	-1	
5749561069	SMP	1	0.00	0.00	0.00	0.00	-1	
5749611294	SMP	1	0.00	0.00	0.00	0.00	-1	
5749661055	SMP	1	0.00	0.00	0.00	0.00	-1	
5749711202	SMP	1	0.00	0.00	0.00	0.00	-1	
5749761262	SMP	1	0.00	0.00	0.00	0.00	-1	
5749811187	SMP	1	0.00	0.00	0.00	0.00	-1	
5749861158	SMP	1	0.00	0.00	0.00	0.00	-1	
5749911634	SMP	1	0.00	0.00	0.00	0.00	-1	
5749961181	SMP	1	0.00	0.00	0.00	0.00	-1	
5750011230	SMP	1	0.00	0.00	0.00	0.00	-1	
5750061152	SMP	1	0.00	0.00	0.00	0.00	-1	
5750111443	SMP	1	0.00	0.00	0.00	0.00	-1	
5750161236	SMP	1	0.00	0.00	0.00	0.00	-1	
5750211358	SMP	1	0.00	0.00	0.00	0.00	-1	
5750261741	SMP	1	0.00	0.00	0.00	0.00	-1	
5750311452	SMP	1	0.00	0.00	0.00	0.00	-1	
5750361418	SMP	1	0.00	0.00	0.00	0.00	-1	
5750411388	SMP	1	0.00	0.00	0.00	0.00	-1	
5750461484	SMP	1	0.00	0.00	0.00	0.00	-1	
5750511483	SMP	1	0.00	0.00	0.00	0.00	-1	
5750561413	SMP	1	0.00	0.00	0.00	0.00	-1	
5750611495	SMP	1	0.00	0.00	0.00	0.00	-1	
5750661717	SMP	1	0.00	0.00	0.00	0.00	-1	
5750711816	SMP	1	0.00	0.00	0.00	0.00	-1	
5750761741	SMP	1	0.00	0.00	0.00	0.00	-1	
5750811588	SMP	1	0.00	0.00	0.00	0.00	-1	
5750862029	SMP	1	0.00	0.00	0.00	0.00	-1	
5750911612	SMP	1	0.00	0.00	0.00	0.00	-1	
5750961675	SMP	1	0.00	0.00	0.00	0.00	-1	
5751011718	SMP	1	0.00	0.00	0.00	0.00	-1	
5751062351	SMP	1	0.00	0.00	0.00	0.00	-1	
5751111908	SMP	1	0.00	0.00	0.00	0.00	-1	
5751161875	SMP	1	0.00	0.00	0.00	0.00	-1	
5751211848	SMP	1	0.00	0.00	0.00	0.00	-1	
5751262227	SMP	1	0.00	0.00	0.00	0.00	-1	
5751311851	SMP	1	0.00	0.00	0.00	0.00	-1	
5751362363	SMP	1	0.00	0.00	0.00	0.00	-1	
5751411922	SMP	1	0.00	0.00	0.00	0.00	-1	
5751462401	SMP	1	0.00	0.00	0.00	0.00	-1	
5751512068	SMP	1	0.00	0.00	0.00	0.00	-1	
5751561923	SMP	1	0.00	0.00	0.00	0.00	-1	
5751611926	SMP	1	0.00	0.00	0.00	0.00	-1	
5751662311	SMP	1	0.00	0.00	0.00	0.00	-1	
5751712108	SMP	1	0.00	0.00	0.00	0.00	-1	
5751762208	SMP	1	0.00	0.00	0.00	0.00	-1	
5751812128	SMP	1	0.00	0.00	0.00	0.00	-1	
5751862461	SMP	1	0.00	0.00	0.00	0.00	-1	
5751912269	SMP	1	0.00	0.00	0.00	0.00	-1	
5751962363	SMP	1	0.00	0.00	0.00	0.00	-1	
5752012206	SMP	1	0.00	0.00	0.00	0.00	-1	
5752062864	SMP	1	0.00	0.00	0.00	0.00	-1	
5752112211	SMP	1	0.00	0.00	0.00	0.00	-1	
5752162953	SMP	1	0.00	0.00	0.00	0.00	-1	
5752212302	SMP	1	0.00	0.00	0.00	0.00	-1	
5752263005	SMP	1	0.00	0.00	0.00	0.00	-1	
5752312390	SMP	1	0.00	0.00	0.00	0.00	-1	
5752363113	SMP	1	0.00	0.00	0.00	0.00	-1	
5752412406	SMP	1	0.00	0.00	0.00	0.00	-1	
5752462440	SMP	1	0.00	0.00	0.00	0.00	-1	
5752512457	SMP	1	0.00	0.00	0.00	0.00	-1	
5752562962	SMP	1	0.00	0.00	0.00	0.00	-1	
5752612457	SMP	1	0.00	0.00	0.00	0.00	-1	
5752662818	SMP	1	0.00	0.00	0.00	0.00	-1	
5752712588	SMP	1	0.00	0.00	0.00	0.00	-1	
5752762874	SMP	1	0.00	0.00	0.00	0.00	-1	
5752812555	SMP	1	0.00	0.00	0.00	0.00	-1	
5752862655	SMP	1	0.00	0.00	0.00	0.00	-1	
5752912684	SMP	1	0.00	0.00	0.00	0.00	-1	
5752963465	SMP	1	0.00	0.00	0.00	0.00	-1	
5753012678	SMP	1	0.00	0.00	0.00	0.00	-1	
5753062794	SMP	1	0.00	0.00	0.00	0.00	-1	
5753112711	SMP	1	0.00	0.00	0.00	0.00	-1	
5753162875	SMP	1	0.00	0.00	0.00	0.00	-1	
5753212724	SMP	1	0.00	0.00	0.00	0.00	-1	
5753262776	SMP	1	0.00	0.00	0.00	0.00	-1	
5753313111	SMP	1	0.00	0.00	0.00	0.00	-1	
5753363323	SMP	1	0.00	0.00	0.00	0.00	-1	
5753413070	SMP	1	0.00	0.00	0.00	0.00	-1	
5753463643	SMP	1	0.00	0.00	0.00	0.00	-1	
5753512986	SMP	1	0.00	0.00	0.00	0.00	-1	
5753562978	SMP	1	0.00	0.00	0.00	0.00	-1	
5753612912	SMP	1	0.00	0.00	0.00	0.00	-1	
5753662951	SMP	1	0.00	0.00	0.00	0.00	-1	
5753713067	SMP	1	0.00	0.00	0.00	0.00	-1	
5753763151	SMP	1	0.00	0.00	0.00	0.00	-1	
5753813118	SMP	1	0.00	0.00	0.00	0.00	-1	
5753865221	SMP	1	0.00	0.00	0.00	0.00	-1	
5753913203	SMP	1	0.00	0.00	0.00	0.00	-1	
5753963083	SMP	1	0.00	0.00	0.00	0.00	-1	
5754013103	SMP	1	0.00	0.00	0.00	0.00	-1	
5754063165	SMP	1	0.00	0.00	0.00	0.00	-1	
5754113137	SMP	1	0.00	0.00	0.00	0.00	-1	
5754163200	SMP	1	0.00	0.00	0.00	0.00	-1	
5754213358	SMP	1	0.00	0.00	0.00	0.00	-1	
5754263461	SMP	1	0.00	0.00	0.00	0.00	-1	
5754313244	SMP	1	0.00	0.00	0.00	0.00	-1	
5754363331	SMP	1	0.00	0.00	0.00	0.00	-1	
5754413414	SMP	1	0.00	0.00	0.00	0.00	-1	
5754463475	SMP	1	0.00	0.00	0.00	0.00	-1	
5754513360	SMP	1	0.00	0.00	0.00	0.00	-1	
5754563482	SMP	1	0.00	0.00	0.00	0.00	-1	
5754613480	SMP	1	0.00	0.00	0.00	0.00	-1	
5754664011	SMP	1	0.00	0.00	0.00	0.00	-1	
5754713594	SMP	1	0.00	0.00	0.00	0.00	-1	
5754763801	SMP	1	0.00	0.00	0.00	0.00	-1	
5754813734	SMP	1	0.00	0.00	0.00	0.00	-1	
5754863583	SMP	1	0.00	0.00	0.00	0.00	-1	
5754913625	SMP	1	0.00	0.00	0.00	0.00	-1	
5754963569	SMP	1	0.00	0.00	0.00	0.00	-1	
5755013559	SMP	1	0.00	0.00	0.00	0.00	-1	
5755064517	SMP	1	0.00	0.00	0.00	0.00	-1	
5755113954	SMP	1	0.00	0.00	0.00	0.00	-1	
5755164329	SMP	1	0.00	0.00	0.00	0.00	-1	
5755213745	SMP	1	0.00	0.00	0.00	0.00	-1	
5755263991	SMP	1	0.00	0.00	0.00	0.00	-1	
5755313792	SMP	1	0.00	0.00	0.00	0.00	-1	
5755363986	SMP	1	0.00	0.00	0.00	0.00	-1	
5755413871	SMP	1	0.00	0.00	0.00	0.00	-1	
5755464455	SMP	1	0.00	0.00	0.00	0.00	-1	
5755513935	SMP	1	0.00	0.00	0.00	0.00	-1	
5755564534	SMP	1	0.00	0.00	0.00	0.00	-1	
5755613973	SMP	1	0.00	0.00	0.00	0.00	-1	
5755663984	SMP	1	0.00	0.00	0.00	0.00	-1	
5755714050	SMP	1	0.00	0.00	0.00	0.00	-1	
5755764514	SMP	1	0.00	0.00	0.00	0.00	-1	
5755814005	SMP	1	0.00	0.00	0.00	0.00	-1	
5755864287	SMP	1	0.00	0.00	0.00	0.00	-1	
5755914111	SMP	1	0.00	0.00	0.00	0.00	-1	
5755964646	SMP	1	0.00	0.00	0.00	0.00	-1	
5756014225	SMP	1	0.00	0.00	0.00	0.00	-1	
5756064606	SMP	1	0.00	0.00	0.00	0.00	-1	
5756114173	SMP	1	0.00	0.00	0.00	0.00	-1	
5756164440	SMP	1	0.00	0.00	0.00	0.00	-1	
5756214317	SMP	1	0.00	0.00	0.00	0.00	-1	
5756265205	SMP	1	0.00	0.00	0.00	0.00	-1	
5756314546	SMP	1	0.00	0.00	0.00	0.00	-1	
5756364528	SMP	1	0.00	0.00	0.00	0.00	-1	
5756414338	SMP	1	0.00	0.00	0.00	0.00	-1	
5756465543	SMP	1	0.00	0.00	0.00	0.00	-1	
5756514481	SMP	1	0.00	0.00	0.00	0.00	-1	
5756564310	SMP	1	0.00	0.00	0.00	0.00	-1	
5756614366	SMP	1	0.00	0.00	0.00	0.00	-1	
5756665123	SMP	1	0.00	0.00	0.00	0.00	-1	
5756714659	SMP	1	0.00	0.00	0.00	0.00	-1	
5756764557	SMP	1	0.00	0.00	0.00	0.00	-1	
5756814450	SMP	1	0.00	0.00	0.00	0.00	-1	
5756865107	SMP	1	0.00	0.00	0.00	0.00	-1	
5756914584	SMP	1	0.00	0.00	0.00	0.00	-1	
5756964761	SMP	1	0.00	0.00	0.00	0.00	-1	
5757014560	SMP	1	0.00	0.00	0.00	0.00	-1	
5757064678	SMP	1	0.00	0.00	0.00	0.00	-1	
5757114810	SMP	1	0.00	0.00	0.00	0.00	-1	
5757165574	SMP	1	0.00	0.00	0.00	0.00	-1	
5757214678	SMP	1	0.00	0.00	0.00	0.00	-1	
5757264759	SMP	1	0.00	0.00	0.00	0.00	-1	
5757314897	SMP	1	0.00	0.00	0.00	0.00	-1	
5757364976	SMP	1	0.00	0.00	0.00	0.00	-1	
5757414762	SMP	1	0.00	0.00	0.00	0.00	-1	
5757464911	SMP	1	0.00	0.00	0.00	0.00	-1	
5757515204	SMP	1	0.00	0.00	0.00	0.00	-1	
5757564810	SMP	1	0.00	0.00	0.00	0.00	-1	
5757614893	SMP	1	0.00	0.00	0.00	0.00	-1	
5757665357	SMP	1	0.00	0.00	0.00	0.00	-1	
5757715106	SMP	1	0.00	0.00	0.00	0.00	-1	
5757765118	SMP	1	0.00	0.00	0.00	0.00	-1	
5757815014	SMP	1	0.00	0.00	0.00	0.00	-1	
5757865297	SMP	1	0.00	0.00	0.00	0.00	-1	
5757915120	SMP	1	0.00	0.00	0.00	0.00	-1	
5757965719	SMP	1	0.00	0.00	0.00	0.00	-1	
5758015139	SMP	1	0.00	0.00	0.00	0.00	-1	
5758065672	SMP	1	0.00	0.00	0.00	0.00	-1	
5758115186	SMP	1	0.00	0.00	0.00	0.00	-1	
5758165453	SMP	1	0.00	0.00	0.00	0.00	-1	
5758215208	SMP	1	0.00	0.00	0.00	0.00	-1	
5758265201	SMP	1	0.00	0.00	0.00	0.00	-1	
5758315223	SMP	1	0.00	0.00	0.00	0.00	-1	
5758365436	SMP	1	0.00	0.00	0.00	0.00	-1	
5758415307	SMP	1	0.00	0.00	0.00	0.00	-1	
5758465286	SMP	1	0.00	0.00	0.00	0.00	-1	
5758515420	SMP	1	0.00	0.00	0.00	0.00	-1	
5758565951	SMP	1	0.00	0.00	0.00	0.00	-1	
5758615507	SMP	1	0.00	0.00	0.00	0.00	-1	
5758665943	SMP	1	0.00	0.00	0.00	0.00	-1	
5758715475	SMP	1	0.00	0.00	0.00	0.00	-1	
5758765972	SMP	1	0.00	0.00	0.00	0.00	-1	
5758815475	SMP	1	0.00	0.00	0.00	0.00	-1	
5758865584	SMP	1	0.00	0.00	0.00	0.00	-1	
5758915550	SMP	1	0.00	0.00	0.00	0.00	-1	
5758966126	SMP	1	0.00	0.00	0.00	0.00	-1	
5759015562	SMP	1	0.00	0.00	0.00	0.00	-1	
5759066072	SMP	1	0.00	0.00	0.00	0.00	-1	
5759115641	SMP	1	0.00	0.00	0.00	0.00	-1	
5759165734	SMP	1	0.00	0.00	0.00	0.00	-1	
5759215613	SMP	1	0.00	0.00	0.00	0.00	-1	
5759265641	SMP	1	0.00	0.00	0.00	0.00	-1	
5759315743	SMP	1	0.00	0.00	0.00	0.00	-1	
5759365779	SMP	1	0.00	0.00	0.00	0.00	-1	
5759415732	SMP	1	0.00	0.00	0.00	0.00	-1	
5759466425	SMP	1	0.00	0.00	0.00	0.00	-1	
5759515804	SMP	1	0.00	0.00	0.00	0.00	-1	
5759565871	SMP	1	0.00	0.00	0.00	0.00	-1	
5759615841	SMP	1	0.00	0.00	0.00	0.00	-1	
5759665874	SMP	1	0.00	0.00	0.00	0.00	-1	
5759715924	SMP	1	0.00	0.00	0.00	0.00	-1	
5759766322	SMP	1	0.00	0.00	0.00	0.00	-1	
5759816159	SMP	1	0.00	0.00	0.00	0.00	-1	
5759866562	SMP	1	0.00	0.00	0.00	0.00	-1	
5759916045	SMP	1	0.00	0.00	0.00	0.00	-1	
5759966508	SMP	1	0.00	0.00	0.00	0.00	-1	
5760016013	SMP	1	0.00	0.00	0.00	0.00	-1	
5760067055	SMP	1	0.00	0.00	0.00	0.00	-1	
5760116122	SMP	1	0.00	0.00	0.00	0.00	-1	
5760166599	SMP	1	0.00	0.00	0.00	0.00	-1	
5760216207	SMP	1	0.00	0.00	0.00	0.00	-1	
5760266488	SMP	1	0.00	0.00	0.00	0.00	-1	
5760316127	SMP	1	0.00	0.00	0.00	0.00	-1	
5760366244	SMP	1	0.00	0.00	0.00	0.00	-1	
5760416270	SMP	1	0.00	0.00	0.00	0.00	-1	
5760466255	SMP	1	0.00	0.00	0.00	0.00	-1	
5760516270	SMP	1	0.00	0.00	0.00	0.00	-1	
5760566881	SMP	1	0.00	0.00	0.00	0.00	-1	
5760616347	SMP	1	0.00	0.00	0.00	0.00	-1	
5760666622	SMP	1	0.00	0.00	0.00	0.00	-1	
5760716562	SMP	1	0.00	0.00	0.00	0.00	-1	
5760766922	SMP	1	0.00	0.00	0.00	0.00	-1	
5760816351	SMP	1	0.00	0.00	0.00	0.00	-1	
5760866495	SMP	1	0.00	0.00	0.00	0.00	-1	
5760916521	SMP	1	0.00	0.00	0.00	0.00	-1	
5760966505	SMP	1	0.00	0.00	0.00	0.00	-1	
5761016533	SMP	1	0.00	0.00	0.00	0.00	-1	
5761067414	SMP	1	0.00	0.00	0.00	0.00	-1	
5761116596	SMP	1	0.00	0.00	0.00	0.00	-1	
5761166619	SMP	1	0.00	0.00	0.00	0.00	-1	
5761216595	SMP	1	0.00	0.00	0.00	0.00	-1	
5761267109	SMP	1	0.00	0.00	0.00	0.00	-1	
5761317011	SMP	1	0.00	0.00	0.00	0.00	-1	
5761366752	SMP	1	0.00	0.00	0.00	0.00	-1	
5761416815	SMP	1	0.00	0.00	0.00	0.00	-1	
5761467242	SMP	1	0.00	0.00	0.00	0.00	-1	
5761516697	SMP	1	0.00	0.00	0.00	0.00	-1	
5761566841	SMP	1	0.00	0.00	0.00	0.00	-1	
5761616823	SMP	1	0.00	0.00	0.00	0.00	-1	
5761667410	SMP	1	0.00	0.00	0.00	0.00	-1	
5761716963	SMP	1	0.00	0.00	0.00	0.00	-1	
5761767313	SMP	1	0.00	0.00	0.00	0.00	-1	
5761816963	SMP	1	0.00	0.00	0.00	0.00	-1	
5761866945	SMP	1	0.00	0.00	0.00	0.00	-1	
5761916974	SMP	1	0.00	0.00	0.00	0.00	-1	
5761966967	SMP	1	0.00	0.00	0.00	0.00	-1	
5762016972	SMP	1	0.00	0.00	0.00	0.00	-1	
5762067624	SMP	1	0.00	0.00	0.00	0.00	-1	
5762117202	SMP	1	0.00	0.00	0.00	0.00	-1	
5762167653	SMP	1	0.00	0.00	0.00	0.00	-1	
5762217209	SMP	1	0.00	0.00	0.00	0.00	-1	
5762267264	SMP	1	0.00	0.00	0.00	0.00	-1	
5762317207	SMP	1	0.00	0.00	0.00	0.00	-1	
5762367299	SMP	1	0.00	0.00	0.00	0.00	-1	
5762417305	SMP	1	0.00	0.00	0.00	0.00	-1	
5762467625	SMP	1	0.00	0.00	0.00	0.00	-1	
5762517199	SMP	1	0.00	0.00	0.00	0.00	-1	
5762567399	SMP	1	0.00	0.00	0.00	0.00	-1	
5762617367	SMP	1	0.00	0.00	0.00	0.00	-1	
5762667412	SMP	1	0.00	0.00	0.00	0.00	-1	
5762717335	SMP	1	0.00	0.00	0.00	0.00	-1	
5762767425	SMP	1	0.00	0.00	0.00	0.00	-1	
5762817343	SMP	1	0.00	0.00	0.00	0.00	-1	
5762867538	SMP	1	0.00	0.00	0.00	0.00	-1	
5762917443	SMP	1	0.00	0.00	0.00	0.00	-1	
5762967574	SMP	1	0.00	0.00	0.00	0.00	-1	
5763017486	SMP	1	0.00	0.00	0.00	0.00	-1	
5763068252	SMP	1	0.00	0.00	0.00	0.00	-1	
5763117581	SMP	1	0.00	0.00	0.00	0.00	-1	
5763167759	SMP	1	0.00	0.00	0.00	0.00	-1	
5763217566	SMP	1	0.00	0.00	0.00	0.00	-1	
5763267713	SMP	1	0.00	0.00	0.00	0.00	-1	
5763317693	SMP	1	0.00	0.00	0.00	0.00	-1	
5763367688	SMP	1	0.00	0.00	0.00	0.00	-1	
5763417725	SMP	1	0.00	0.00	0.00	0.00	-1	
5763468120	SMP	1	0.00	0.00	0.00	0.00	-1	
5763517751	SMP	1	0.00	0.00	0.00	0.00	-1	
5763568496	SMP	1	0.00	0.00	0.00	0.00	-1	
5763617838	SMP	1	0.00	0.00	0.00	0.00	-1	
5763668349	SMP	1	0.00	0.00	0.00	0.00	-1	
5763717875	SMP	1	0.00	0.00	0.00	0.00	-1	
5763767869	SMP	1	0.00	0.00	0.00	0.00	-1	
5763817941	SMP	1	0.00	0.00	0.00	0.00	-1	
5763868048	SMP	1	0.00	0.00	0.00	0.00	-1	
5763917877	SMP	1	0.00	0.00	0.00	0.00	-1	
5763968132	SMP	1	0.00	0.00	0.00	0.00	-1	
5764017932	SMP	1	0.00	0.00	0.00	0.00	-1	
5764068198	SMP	1	0.00	0.00	0.00	0.00	-1	
5764118039	SMP	1	0.00	0.00	0.00	0.00	-1	
5764168198	SMP	1	0.00	0.00	0.00	0.00	-1	
5764218485	SMP	1	0.00	0.00	0.00	0.00	-1	
5764268201	SMP	1	0.00	0.00	0.00	0.00	-1	
5764318127	SMP	1	0.00	0.00	0.00	0.00	-1	
5764368259	SMP	1	0.00	0.00	0.00	0.00	-1	
5764418187	SMP	1	0.00	0.00	0.00	0.00	-1	
5764468201	SMP	1	0.00	0.00	0.00	0.00	-1	
5764518181	SMP	1	0.00	0.00	0.00	0.00	-1	
5764568587	SMP	1	0.00	0.00	0.00	0.00	-1	
5764618320	SMP	1	0.00	0.00	0.00	0.00	-1	
5764668274	SMP	1	0.00	0.00	0.00	0.00	-1	
5764718331	SMP	1	0.00	0.00	0.00	0.00	-1	
5764768380	SMP	1	0.00	0.00	0.00	0.00	-1	
5764818373	SMP	1	0.00	0.00	0.00	0.00	-1	
5764868693	SMP	1	0.00	0.00	0.00	0.00	-1	
5764918476	SMP	1	0.00	0.00	0.00	0.00	-1	
5764968638	SMP	1	0.00	0.00	0.00	0.00	-1	
5765018442	SMP	1	0.00	0.00	0.00	0.00	-1	
5765068688	SMP	1	0.00	0.00	0.00	0.00	-1	
5765118523	SMP	1	0.00	0.00	0.00	0.00	-1	
5765168531	SMP	1	0.00	0.00	0.00	0.00	-1	
5765218527	SMP	1	0.00	0.00	0.00	0.00	-1	
5765268733	SMP	1	0.00	0.00	0.00	0.00	-1	
5765318621	SMP	1	0.00	0.00	0.00	0.00	-1	
5765368633	SMP	1	0.00	0.00	0.00	0.00	-1	
5765418637	SMP	1	0.00	0.00	0.00	0.00	-1	
5765468653	SMP	1	0.00	0.00	0.00	0.00	-1	
5765518690	SMP	1	0.00	0.00	0.00	0.00	-1	
5765568743	SMP	1	0.00	0.00	0.00	0.00	-1	
5765618716	SMP	1	0.00	0.00	0.00	0.00	-1	
5765668793	SMP	1	0.00	0.00	0.00	0.00	-1	
5765718800	SMP	1	0.00	0.00	0.00	0.00	-1	
5765768746	SMP	1	0.00	0.00	0.00	0.00	-1	
5765818897	SMP	1	0.00	0.00	0.00	0.00	-1	
5765868881	SMP	1	0.00	0.00	0.00	0.00	-1	
5765918934	SMP	1	0.00	0.00	0.00	0.00	-1	
5765968876	SMP	1	0.00	0.00	0.00	0.00	-1	
5766018874	SMP	1	0.00	0.00	0.00	0.00	-1	
5766069099	SMP	1	0.00	0.00	0.00	0.00	-1	
5766119030	SMP	1	0.00	0.00	0.00	0.00	-1	
5766169006	SMP	1	0.00	0.00	0.00	0.00	-1	
5766219037	SMP	1	0.00	0.00	0.00	0.00	-1	
5766269104	SMP	1	0.00	0.00	0.00	0.00	-1	
5766319114	SMP	1	0.00	0.00	0.00	0.00	-1	
5766369144	SMP	1	0.00	0.00	0.00	0.00	-1	
5766419131	SMP	1	0.00	0.00	0.00	0.00	-1	
5766469211	SMP	1	0.00	0.00	0.00	0.00	-1	
5766519110	SMP	1	0.00	0.00	0.00	0.00	-1	
5766569197	SMP	1	0.00	0.00	0.00	0.00	-1	
5766619280	SMP	1	0.00	0.00	0.00	0.00	-1	
5766669229	SMP	1	0.00	0.00	0.00	0.00	-1	
5766719245	SMP	1	0.00	0.00	0.00	0.00	-1	
5766769315	SMP	1	0.00	0.00	0.00	0.00	-1	
5766819333	SMP	1	0.00	0.00	0.00	0.00	-1	
5766869371	SMP	1	0.00	0.00	0.00	0.00	-1	
5766919414	SMP	1	0.00	0.00	0.00	0.00	-1	
5766969523	SMP	1	0.00	0.00	0.00	0.00	-1	
5767019388	SMP	1	0.00	0.00	0.00	0.00	-1	
5767069490	SMP	1	0.00	0.00	0.00	0.00	-1	
5767119490	SMP	1	0.00	0.00	0.00	0.00	-1	
5767169478	SMP	1	0.00	0.00	0.00	0.00	-1	
5767219487	SMP	1	0.00	0.00	0.00	0.00	-1	
5767269651	SMP	1	0.00	0.00	0.00	0.00	-1	
5767319615	SMP	1	0.00	0.00	0.00	0.00	-1	
5767369618	SMP	1	0.00	0.00	0.00	0.00	-1	
5767419664	SMP	1	0.00	0.00	0.00	0.00	-1	
5767469893	SMP	1	0.00	0.00	0.00	0.00	-1	
5767519621	SMP	1	0.00	0.00	0.00	0.00	-1	
5767569767	SMP	1	0.00	0.00	0.00	0.00	-1	
5767619665	SMP	1	0.00	0.00	0.00	0.00	-1	
5767669782	SMP	1	0.00	0.00	0.00	0.00	-1	
5767719730	SMP	1	0.00	0.00	0.00	0.00	-1	
5767769756	SMP	1	0.00	0.00	0.00	0.00	-1	
5767819864	SMP	1	0.00	0.00	0.00	0.00	-1	
5767869832	SMP	1	0.00	0.00	0.00	0.00	-1	
5767919822	SMP	1	0.00	0.00	0.00	0.00	-1	
5767969843	SMP	1	0.00	0.00	0.00	0.00	-1	
5768019859	SMP	1	0.00	0.00	0.00	0.00	-1	
5768070018	SMP	1	0.00	0.00	0.00	0.00	-1	
5768120016	SMP	1	0.00	0.00	0.00	0.00	-1	
5768169940	SMP	1	0.00	0.00	0.00	0.00	-1	
5768219991	SMP	1	0.00	0.00	0.00	0.00	-1	
5768270002	SMP	1	0.00	0.00	0.00	0.00	-1	
5768320060	SMP	1	0.00	0.00	0.00	0.00	-1	
5768370110	SMP	1	0.00	0.00	0.00	0.00	-1	
5768420126	SMP	1	0.00	0.00	0.00	0.00	-1	
5768470135	SMP	1	0.00	0.00	0.00	0.00	-1	
5768520067	SMP	1	0.00	0.00	0.00	0.00	-1	
5768570220	SMP	1	0.00	0.00	0.00	0.00	-1	
5768620295	SMP	1	0.00	0.00	0.00	0.00	-1	
5768670215	SMP	1	0.00	0.00	0.00	0.00	-1	
5768720205	SMP	1	0.00	0.00	0.00	0.00	-1	
5768770323	SMP	1	0.00	0.00	0.00	0.00	-1	
5768820305	SMP	1	0.00	0.00	0.00	0.00	-1	
5768870335	SMP	1	0.00	0.00	0.00	0.00	-1	
5768920322	SMP	1	0.00	0.00	0.00	0.00	-1	
5768970301	SMP	1	0.00	0.00	0.00	0.00	-1	
5769020339	SMP	1	0.00	0.00	0.00	0.00	-1	
5769070466	SMP	1	0.00	0.00	0.00	0.00	-1	
5769120453	SMP	1	0.00	0.00	0.00	0.00	-1	
5769170455	SMP	1	0.00	0.00	0.00	0.00	-1	
5769220425	SMP	1	0.00	0.00	0.00	0.00	-1	
5769270463	SMP	1	0.00	0.00	0.00	0.00	-1	
5769320539	SMP	1	0.00	0.00	0.00	0.00	-1	
5769370572	SMP	1	0.00	0.00	0.00	0.00	-1	
5769420520	SMP	1	0.00	0.00	0.00	0.00	-1	
5769470573	SMP	1	0.00	0.00	0.00	0.00	-1	
5769520547	SMP	1	0.00	0.00	0.00	0.00	-1	
5769570698	SMP	1	0.00	0.00	0.00	0.00	-1	
5769620827	SMP	1	0.00	0.00	0.00	0.00	-1	
5769670640	SMP	1	0.00	0.00	0.00	0.00	-1	
5769720682	SMP	1	0.00	0.00	0.00	0.00	-1	
5769770682	SMP	1	0.00	0.00	0.00	0.00	-1	
5769820808	SMP	1	0.00	0.00	0.00	0.00	-1	
5769870828	SMP	1	0.00	0.00	0.00	0.00	-1	
5769920779	SMP	1	0.00	0.00	0.00	0.00	-1	
5769970813	SMP	1	0.00	0.00	0.00	0.00	-1	
5770021101	SMP	1	0.00	0.00	0.00	0.00	-1	
5770070933	SMP	1	0.00	0.00	0.00	0.00	-1	
5770120919	SMP	1	0.00	0.00	0.00	0.00	-1	
5770170884	SMP	1	0.00	0.00	0.00	0.00	-1	
5770220969	SMP	1	0.00	0.00	0.00	0.00	-1	
5770271035	SMP	1	0.00	0.00	0.00	0.00	-1	
5770321046	SMP	1	0.00	0.00	0.00	0.00	-1	
5770371032	SMP	1	0.00	0.00	0.00	0.00	-1	
5770421217	SMP	1	0.00	0.00	0.00	0.00	-1	
5770471166	SMP	1	0.00	0.00	0.00	0.00	-1	
5770521134	SMP	1	0.00	0.00	0.00	0.00	-1	
5770571138	SMP	1	0.00	0.00	0.00	0.00	-1	
5770621258	SMP	1	0.00	0.00	0.00	0.00	-1	
5770671186	SMP	1	0.00	0.00	0.00	0.00	-1	
5770721280	SMP	1	0.00	0.00	0.00	0.00	-1	
5770771272	SMP	1	0.00	0.00	0.00	0.00	-1	
5770821386	SMP	1	0.00	0.00	0.00	0.00	-1	
5770871324	SMP	1	0.00	0.00	0.00	0.00	-1	
5770921321	SMP	1	0.00	0.00	0.00	0.00	-1	
5770971254	SMP	1	0.00	0.00	0.00	0.00	-1	
5771021423	SMP	1	0.00	0.00	0.00	0.00	-1	
5771071407	SMP	1	0.00	0.00	0.00	0.00	-1	
5771121438	SMP	1	0.00	0.00	0.00	0.00	-1	
5771171510	SMP	1	0.00	0.00	0.00	0.00	-1	
5771221666	SMP	1	0.00	0.00	0.00	0.00	-1	
5771271510	SMP	1	0.00	0.00	0.00	0.00	-1	
5771321546	SMP	1	0.00	0.00	0.00	0.00	-1	
5771371517	SMP	1	0.00	0.00	0.00	0.00	-1	
5771421560	SMP	1	0.00	0.00	0.00	0.00	-1	
5771471546	SMP	1	0.00	0.00	0.00	0.00	-1	
5771521655	SMP	1	0.00	0.00	0.00	0.00	-1	
5771571630	SMP	1	0.00	0.00	0.00	0.00	-1	
5771622004	SMP	1	0.00	0.00	0.00	0.00	-1	
5771671594	SMP	1	0.00	0.00	0.00	0.00	-1	
5771721647	SMP	1	0.00	0.00	0.00	0.00	-1	
5771771728	SMP	1	0.00	0.00	0.00	0.00	-1	
5771821769	SMP	1	0.00	0.00	0.00	0.00	-1	
5771871763	SMP	1	0.00	0.00	0.00	0.00	-1	
5771922201	SMP	1	0.00	0.00	0.00	0.00	-1	
5771971739	SMP	1	0.00	0.00	0.00	0.00	-1	
5772022054	SMP	1	0.00	0.00	0.00	0.00	-1	
5772071821	SMP	1	0.00	0.00	0.00	0.00	-1	
5772121786	SMP	1	0.00	0.00	0.00	0.00	-1	
5772171824	SMP	1	0.00	0.00	0.00	0.00	-1	
5772221926	SMP	1	0.00	0.00	0.00	0.00	-1	
5772271971	SMP	1	0.00	0.00	0.00	0.00	-1	
5772321964	SMP	1	0.00	0.00	0.00	0.00	-1	
5772372003	SMP	1	0.00	0.00	0.00	0.00	-1	
5772422198	SMP	1	0.00	0.00	0.00	0.00	-1	
5772472091	SMP	1	0.00	0.00	0.00	0.00	-1	
5772522115	SMP	1	0.00	0.00	0.00	0.00	-1	
5772572117	SMP	1	0.00	0.00	0.00	0.00	-1	
5772622049	SMP	1	0.00	0.00	0.00	0.00	-1	
5772672133	SMP	1	0.00	0.00	0.00	0.00	-1	
5772722120	SMP	1	0.00	0.00	0.00	0.00	-1	
5772772200	SMP	1	0.00	0.00	0.00	0.00	-1	
5772822372	SMP	1	0.00	0.00	0.00	0.00	-1	
5772872304	SMP	1	0.00	0.00	0.00	0.00	-1	
5772922174	SMP	1	0.00	0.00	0.00	0.00	-1	
5772972355	SMP	1	0.00	0.00	0.00	0.00	-1	
5773022387	SMP	1	0.00	0.00	0.00	0.00	-1	
5773072379	SMP	1	0.00	0.00	0.00	0.00	-1	
5773122326	SMP	1	0.00	0.00	0.00	0.00	-1	
5773172525	SMP	1	0.00	0.00	0.00	0.00	-1	
5773222676	SMP	1	0.00	0.00	0.00	0.00	-1	
5773272475	SMP	1	0.00	0.00	0.00	0.00	-1	
5773322456	SMP	1	0.00	0.00	0.00	0.00	-1	
5773372479	SMP	1	0.00	0.00	0.00	0.00	-1	
5773422455	SMP	1	0.00	0.00	0.00	0.00	-1	
5773473141	SMP	1	0.00	0.00	0.00	0.00	-1	
5773522568	SMP	1	0.00	0.00	0.00	0.00	-1	
5773572725	SMP	1	0.00	0.00	0.00	0.00	-1	
5773622747	SMP	1	0.00	0.00	0.00	0.00	-1	
5773672745	SMP	1	0.00	0.00	0.00	0.00	-1	
5773722597	SMP	1	0.00	0.00	0.00	0.00	-1	
5773772715	SMP	1	0.00	0.00	0.00	0.00	-1	
5773822737	SMP	1	0.00	0.00	0.00	0.00	-1	
5773872724	SMP	1	0.00	0.00	0.00	0.00	-1	
5773922719	SMP	1	0.00	0.00	0.00	0.00	-1	
5773973114	SMP	1	0.00	0.00	0.00	0.00	-1	
5774023089	SMP	1	0.00	0.00	0.00	0.00	-1	
5774072820	SMP	1	0.00	0.00	0.00	0.00	-1	
5774122894	SMP	1	0.00	0.00	0.00	0.00	-1	
5774172827	SMP	1	0.00	0.00	0.00	0.00	-1	
5774222867	SMP	1	0.00	0.00	0.00	0.00	-1	
5774272951	SMP	1	0.00	0.00	0.00	0.00	-1	
5774323134	SMP	1	0.00	0.00	0.00	0.00	-1	
5774373187	SMP	1	0.00	0.00	0.00	0.00	-1	
5774423263	SMP	1	0.00	0.00	0.00	0.00	-1	
5774472975	SMP	1	0.00	0.00	0.00	0.00	-1	
5774523427	SMP	1	0.00	0.00	0.00	0.00	-1	
5774573065	SMP	1	0.00	0.00	0.00	0.00	-1	
5774623091	SMP	1	0.00	0.00	0.00	0.00	-1	
5774673090	SMP	1	0.00	0.00	0.00	0.00	-1	
5774723134	SMP	1	0.00	0.00	0.00	0.00	-1	
5774773408	SMP	1	0.00	0.00	0.00	0.00	-1	
5774823312	SMP	1	0.00	0.00	0.00	0.00	-1	
5774873195	SMP	1	0.00	0.00	0.00	0.00	-1	
5774923173	SMP	1	0.00	0.00	0.00	0.00	-1	
5774973310	SMP	1	0.00	0.00	0.00	0.00	-1	
5775023585	SMP	1	0.00	0.00	0.00	0.00	-1	
5775073360	SMP	1	0.00	0.00	0.00	0.00	-1	
5775123282	SMP	1	0.00	0.00	0.00	0.00	-1	
5775173752	SMP	1	0.00	0.00	0.00	0.00	-1	
5775223575	SMP	1	0.00	0.00	0.00	0.00	-1	
5775273444	SMP	1	0.00	0.00	0.00	0.00	-1	
5775323423	SMP	1	0.00	0.00	0.00	0.00	-1	
5775373510	SMP	1	0.00	0.00	0.00	0.00	-1	
5775423542	SMP	1	0.00	0.00	0.00	0.00	-1	
