## [iView]
## Converted from:	F:\transfer\to convert\negtracker5_1\102512_11-eye_data.idf
## Date:	25.10.2012 22:53:26
## Version:	IDF Converter 3.0.16
## IDF Version:	9
## Sample Rate:	120
## Separator Type:	Msg
## Trial Count:	1
## Uses Plane File:	False
## Number of Samples:	1706                                                                                                                                                                                                                                                            
## Reversed:	none
## [Run]
## Subject:	102512_11                                                                                                                                                                                                                                                       
## Description:	                                                                                                                                                                                                                                                                
## [Calibration]
## Calibration Type:	2-point
## Calibration Area:	1680	1050
## Calibration Point 0:	Position(335;210)
## Calibration Point 1:	Position(1343;840)
## [Geometry]
## Stimulus Dimension [mm]:	474	297
## Head Distance [mm]:	700
## [Hardware Setup]
## System ID:	IVR-X-1040-05197-SMU
## Operating System :	5.1
## iView X Version:	2.7.13
## [Filter Settings]
## Heuristic:	False
## Heuristic Stage:	0
## Bilateral:	True
## Gaze Cursor Filter:	True
## Saccade Length [px]:	80
## Filter Depth [ms]:	20
## Format:	LEFT, RIGHT, POR, MSG, FRAMECOUNTER
## 
Time	Type	Trial	L POR X [px]	L POR Y [px]	R POR X [px]	R POR Y [px]	Frame	Aux1
15510215929	SMP	1	0.00	0.00	0.00	0.00	-1	
15510265873	SMP	1	0.00	0.00	0.00	0.00	-1	
15510315950	SMP	1	0.00	0.00	0.00	0.00	-1	
15510365888	SMP	1	0.00	0.00	0.00	0.00	-1	
15510415984	SMP	1	0.00	0.00	0.00	0.00	-1	
15510466076	SMP	1	0.00	0.00	0.00	0.00	-1	
15510516040	SMP	1	0.00	0.00	0.00	0.00	-1	
15510566060	SMP	1	0.00	0.00	0.00	0.00	-1	
15510616056	SMP	1	0.00	0.00	0.00	0.00	-1	
15510666181	SMP	1	0.00	0.00	0.00	0.00	-1	
15510716490	SMP	1	0.00	0.00	0.00	0.00	-1	
15510766209	SMP	1	0.00	0.00	0.00	0.00	-1	
15510816196	SMP	1	0.00	0.00	0.00	0.00	-1	
15510866170	SMP	1	0.00	0.00	0.00	0.00	-1	
15510916216	SMP	1	0.00	0.00	0.00	0.00	-1	
15510966327	SMP	1	0.00	0.00	0.00	0.00	-1	
15511016303	SMP	1	0.00	0.00	0.00	0.00	-1	
15511066316	SMP	1	0.00	0.00	0.00	0.00	-1	
15511116369	SMP	1	0.00	0.00	0.00	0.00	-1	
15511166314	SMP	1	0.00	0.00	0.00	0.00	-1	
15511216513	SMP	1	0.00	0.00	0.00	0.00	-1	
15511266515	SMP	1	0.00	0.00	0.00	0.00	-1	
15511718531	MSG	1	# Message: elmo_duck.avi
15511766591	SMP	1	0.00	0.00	0.00	0.00	-1	
15511816878	SMP	1	0.00	0.00	0.00	0.00	-1	
15511866649	SMP	1	0.00	0.00	0.00	0.00	-1	
15511916741	SMP	1	0.00	0.00	0.00	0.00	-1	
15511966772	SMP	1	0.00	0.00	0.00	0.00	-1	
15512016795	SMP	1	0.00	0.00	0.00	0.00	-1	
15512066790	SMP	1	0.00	0.00	0.00	0.00	-1	
15512116777	SMP	1	0.00	0.00	0.00	0.00	-1	
15512166754	SMP	1	0.00	0.00	0.00	0.00	-1	
15512216887	SMP	1	0.00	0.00	0.00	0.00	-1	
15512266835	SMP	1	0.00	0.00	0.00	0.00	-1	
15512316853	SMP	1	0.00	0.00	0.00	0.00	-1	
15512366925	SMP	1	0.00	0.00	0.00	0.00	-1	
15512417232	SMP	1	0.00	0.00	0.00	0.00	-1	
15512466978	SMP	1	0.00	0.00	0.00	0.00	-1	
15512516997	SMP	1	0.00	0.00	0.00	0.00	-1	
15512566963	SMP	1	0.00	0.00	0.00	0.00	-1	
15512617161	SMP	1	0.00	0.00	0.00	0.00	-1	
15512667113	SMP	1	0.00	0.00	0.00	0.00	-1	
15512717105	SMP	1	0.00	0.00	0.00	0.00	-1	
15512767128	SMP	1	0.00	0.00	0.00	0.00	-1	
15512817847	SMP	1	0.00	0.00	0.00	0.00	-1	
15512867180	SMP	1	0.00	0.00	0.00	0.00	-1	
15512917192	SMP	1	0.00	0.00	0.00	0.00	-1	
15512967241	SMP	1	0.00	0.00	0.00	0.00	-1	
15513017243	SMP	1	0.00	0.00	0.00	0.00	-1	
15513067238	SMP	1	0.00	0.00	0.00	0.00	-1	
15513117233	SMP	1	0.00	0.00	0.00	0.00	-1	
15513167387	SMP	1	0.00	0.00	0.00	0.00	-1	
15513217575	SMP	1	0.00	0.00	0.00	0.00	-1	
15513267378	SMP	1	0.00	0.00	0.00	0.00	-1	
15513317323	SMP	1	0.00	0.00	0.00	0.00	-1	
15513367749	SMP	1	0.00	0.00	0.00	0.00	-1	
15513417448	SMP	1	0.00	0.00	0.00	0.00	-1	
15513467493	SMP	1	0.00	0.00	0.00	0.00	-1	
15513517484	SMP	1	0.00	0.00	0.00	0.00	-1	
15513567575	SMP	1	0.00	0.00	0.00	0.00	-1	
15513617687	SMP	1	0.00	0.00	0.00	0.00	-1	
15513667641	SMP	1	0.00	0.00	0.00	0.00	-1	
15513717637	SMP	1	0.00	0.00	0.00	0.00	-1	
15513767574	SMP	1	0.00	0.00	0.00	0.00	-1	
15513817558	SMP	1	0.00	0.00	0.00	0.00	-1	
15513867633	SMP	1	0.00	0.00	0.00	0.00	-1	
15513917701	SMP	1	0.00	0.00	0.00	0.00	-1	
15513967664	SMP	1	0.00	0.00	0.00	0.00	-1	
15514017935	SMP	1	0.00	0.00	0.00	0.00	-1	
15514067700	SMP	1	0.00	0.00	0.00	0.00	-1	
15514117792	SMP	1	0.00	0.00	0.00	0.00	-1	
15514167741	SMP	1	0.00	0.00	0.00	0.00	-1	
15514217834	SMP	1	0.00	0.00	0.00	0.00	-1	
15514267802	SMP	1	0.00	0.00	0.00	0.00	-1	
15514317853	SMP	1	0.00	0.00	0.00	0.00	-1	
15514367873	SMP	1	0.00	0.00	0.00	0.00	-1	
15514418096	SMP	1	0.00	0.00	0.00	0.00	-1	
15514468022	SMP	1	0.00	0.00	0.00	0.00	-1	
15514518006	SMP	1	0.00	0.00	0.00	0.00	-1	
15514568009	SMP	1	0.00	0.00	0.00	0.00	-1	
15514618057	SMP	1	0.00	0.00	0.00	0.00	-1	
15514668043	SMP	1	0.00	0.00	0.00	0.00	-1	
15514718296	SMP	1	0.00	0.00	0.00	0.00	-1	
15514768081	SMP	1	0.00	0.00	0.00	0.00	-1	
15514840890	SMP	1	754.06	441.28	754.06	441.28	-1	
15514849191	SMP	1	778.01	396.13	778.01	396.13	-1	
15514857440	SMP	1	747.46	388.03	747.46	388.03	-1	
15514865924	SMP	1	779.35	391.01	779.35	391.01	-1	
15514874065	SMP	1	750.06	390.35	750.06	390.35	-1	
15514882408	SMP	1	749.74	404.78	749.74	404.78	-1	
15514890917	SMP	1	757.50	406.17	757.50	406.17	-1	
15514899175	SMP	1	756.98	404.19	756.98	404.19	-1	
15514907450	SMP	1	757.46	408.80	757.46	408.80	-1	
15514915774	SMP	1	747.25	399.93	747.25	399.93	-1	
15514924205	SMP	1	757.65	401.84	757.65	401.84	-1	
15514932425	SMP	1	754.64	406.88	754.64	406.88	-1	
15514940805	SMP	1	759.71	406.19	759.71	406.19	-1	
15514949174	SMP	1	766.53	407.85	766.53	407.85	-1	
15514957592	SMP	1	758.80	411.53	758.80	411.53	-1	
15514965793	SMP	1	767.57	414.74	767.57	414.74	-1	
15514974198	SMP	1	762.14	415.02	762.14	415.02	-1	
15514982559	SMP	1	761.70	414.02	761.70	414.02	-1	
15514991073	SMP	1	765.97	408.07	765.97	408.07	-1	
15514999239	SMP	1	763.74	409.66	763.74	409.66	-1	
15515007545	SMP	1	763.68	404.13	763.68	404.13	-1	
15515015911	SMP	1	764.72	408.90	764.72	408.90	-1	
15515024749	SMP	1	762.04	411.55	762.04	411.55	-1	
15515032567	SMP	1	757.68	406.34	757.68	406.34	-1	
15515040891	SMP	1	755.52	411.51	755.52	411.51	-1	
15515049250	SMP	1	755.19	409.66	755.19	409.66	-1	
15515058303	SMP	1	753.02	407.56	753.02	407.56	-1	
15515065903	SMP	1	755.80	407.15	755.80	407.15	-1	
15515074318	SMP	1	748.25	408.18	748.25	408.18	-1	
15515082639	SMP	1	750.51	411.93	750.51	411.93	-1	
15515091093	SMP	1	749.51	412.66	749.51	412.66	-1	
15515099260	SMP	1	746.70	421.81	746.70	421.81	-1	
15515107697	SMP	1	749.81	419.69	749.81	419.69	-1	
15515116029	SMP	1	739.13	425.37	739.13	425.37	-1	
15515124302	SMP	1	745.87	419.55	745.87	419.55	-1	
15515132771	SMP	1	748.41	424.45	748.41	424.45	-1	
15515141071	SMP	1	745.93	425.70	745.93	425.70	-1	
15515149430	SMP	1	751.59	422.72	751.59	422.72	-1	
15515157694	SMP	1	744.89	428.73	744.89	428.73	-1	
15515166042	SMP	1	743.17	435.42	743.17	435.42	-1	
15515174430	SMP	1	744.58	427.31	744.58	427.31	-1	
15515182769	SMP	1	743.41	429.55	743.41	429.55	-1	
15515191143	SMP	1	745.93	444.85	745.93	444.85	-1	
15515199433	SMP	1	747.57	433.61	747.57	433.61	-1	
15515207805	SMP	1	744.71	456.26	744.71	456.26	-1	
15515232805	SMP	1	751.30	440.77	751.30	440.77	-1	
15515241156	SMP	1	742.66	460.27	742.66	460.27	-1	
15515249375	SMP	1	738.97	432.13	738.97	432.13	-1	
15515257788	SMP	1	752.09	442.30	752.09	442.30	-1	
15515266160	SMP	1	739.63	460.33	739.63	460.33	-1	
15515274549	SMP	1	737.03	455.70	737.03	455.70	-1	
15515282826	SMP	1	743.23	438.50	743.23	438.50	-1	
15515291201	SMP	1	730.14	449.74	730.14	449.74	-1	
15515299525	SMP	1	738.11	463.36	738.11	463.36	-1	
15515307911	SMP	1	736.12	456.44	736.12	456.44	-1	
15515316153	SMP	1	732.16	458.64	732.16	458.64	-1	
15515324587	SMP	1	732.27	463.67	732.27	463.67	-1	
15515332926	SMP	1	716.57	454.31	716.57	454.31	-1	
15515341292	SMP	1	731.07	453.35	731.07	453.35	-1	
15515349555	SMP	1	726.28	453.62	726.28	453.62	-1	
15515357959	SMP	1	722.43	450.55	722.43	450.55	-1	
15515366297	SMP	1	726.42	449.45	726.42	449.45	-1	
15515374543	SMP	1	711.44	451.26	711.44	451.26	-1	
15515382921	SMP	1	723.73	454.54	723.73	454.54	-1	
15515392138	SMP	1	722.59	454.03	722.59	454.03	-1	
15515399670	SMP	1	709.52	451.10	709.52	451.10	-1	
15515407984	SMP	1	710.95	447.60	710.95	447.60	-1	
15515416253	SMP	1	708.07	448.01	708.07	448.01	-1	
15515425010	SMP	1	713.70	445.30	713.70	445.30	-1	
15515433050	SMP	1	724.94	448.23	724.94	448.23	-1	
15515441304	SMP	1	732.47	450.80	732.47	450.80	-1	
15515449616	SMP	1	731.23	458.45	731.23	458.45	-1	
15515458116	SMP	1	730.86	459.03	730.86	459.03	-1	
15515466291	SMP	1	723.10	461.25	723.10	461.25	-1	
15515474640	SMP	1	739.94	465.32	739.94	465.32	-1	
15515483015	SMP	1	727.54	489.22	727.54	489.22	-1	
15515491613	SMP	1	725.09	472.33	725.09	472.33	-1	
15515499647	SMP	1	726.63	474.67	726.63	474.67	-1	
15515508154	SMP	1	710.00	469.99	710.00	469.99	-1	
15515516373	SMP	1	735.19	480.25	735.19	480.25	-1	
15515524809	SMP	1	749.34	508.87	749.34	508.87	-1	
15515533046	SMP	1	777.70	586.44	777.70	586.44	-1	
15515541439	SMP	1	764.14	608.71	764.14	608.71	-1	
15515549767	SMP	1	760.49	613.54	760.49	613.54	-1	
15515558187	SMP	1	783.00	628.27	783.00	628.27	-1	
15515566424	SMP	1	799.11	626.66	799.11	626.66	-1	
15515574785	SMP	1	800.00	620.76	800.00	620.76	-1	
15515583124	SMP	1	779.03	633.73	779.03	633.73	-1	
15515591516	SMP	1	808.15	639.06	808.15	639.06	-1	
15515599823	SMP	1	831.47	597.70	831.47	597.70	-1	
15515608114	SMP	1	813.92	609.14	813.92	609.14	-1	
15515616620	SMP	1	825.88	602.20	825.88	602.20	-1	
15515624784	SMP	1	836.33	591.82	836.33	591.82	-1	
15515633164	SMP	1	803.36	617.66	803.36	617.66	-1	
15515641548	SMP	1	824.28	588.73	824.28	588.73	-1	
15515649888	SMP	1	827.08	643.43	827.08	643.43	-1	
15515658189	SMP	1	831.39	594.98	831.39	594.98	-1	
15515666516	SMP	1	830.39	615.13	830.39	615.13	-1	
15515674925	SMP	1	828.81	627.65	828.81	627.65	-1	
15515683228	SMP	1	822.75	625.59	822.75	625.59	-1	
15515691550	SMP	1	822.71	605.24	822.71	605.24	-1	
15515699885	SMP	1	826.99	621.18	826.99	621.18	-1	
15515708255	SMP	1	824.16	626.84	824.16	626.84	-1	
15515716678	SMP	1	825.88	621.47	825.88	621.47	-1	
15515724951	SMP	1	822.89	614.01	822.89	614.01	-1	
15515733286	SMP	1	822.51	613.16	822.51	613.16	-1	
15515741669	SMP	1	820.84	616.48	820.84	616.48	-1	
15515749923	SMP	1	821.15	613.45	821.15	613.45	-1	
15515758300	SMP	1	822.42	612.04	822.42	612.04	-1	
15515766670	SMP	1	819.87	616.61	819.87	616.61	-1	
15515775101	SMP	1	818.03	613.10	818.03	613.10	-1	
15515783287	SMP	1	823.59	596.38	823.59	596.38	-1	
15515791669	SMP	1	811.01	599.07	811.01	599.07	-1	
15515800002	SMP	1	812.06	597.47	812.06	597.47	-1	
15515808340	SMP	1	806.62	594.04	806.62	594.04	-1	
15515816677	SMP	1	812.06	606.94	812.06	606.94	-1	
15515825076	SMP	1	818.79	583.51	818.79	583.51	-1	
15515833407	SMP	1	799.77	582.38	799.77	582.38	-1	
15515841764	SMP	1	818.64	622.47	818.64	622.47	-1	
15515850009	SMP	1	799.88	587.98	799.88	587.98	-1	
15515859108	SMP	1	809.35	592.32	809.35	592.32	-1	
15515866756	SMP	1	814.85	604.58	814.85	604.58	-1	
15515875005	SMP	1	798.84	593.38	798.84	593.38	-1	
15515883404	SMP	1	819.44	593.94	819.44	593.94	-1	
15515891783	SMP	1	813.10	609.60	813.10	609.60	-1	
15515900073	SMP	1	819.75	611.27	819.75	611.27	-1	
15515908427	SMP	1	795.61	600.58	795.61	600.58	-1	
15515916731	SMP	1	805.25	624.23	805.25	624.23	-1	
15515925170	SMP	1	815.27	606.99	815.27	606.99	-1	
15515933477	SMP	1	817.58	616.50	817.58	616.50	-1	
15515941799	SMP	1	812.07	639.05	812.07	639.05	-1	
15515950163	SMP	1	818.95	619.67	818.95	619.67	-1	
15515958531	SMP	1	821.27	612.74	821.27	612.74	-1	
15515966897	SMP	1	810.65	613.97	810.65	613.97	-1	
15515975160	SMP	1	810.76	646.60	810.76	646.60	-1	
15515983497	SMP	1	819.52	611.58	819.52	611.58	-1	
15515991917	SMP	1	811.74	601.88	811.74	601.88	-1	
15516000246	SMP	1	821.16	636.05	821.16	636.05	-1	
15516008512	SMP	1	811.91	626.69	811.91	626.69	-1	
15516016910	SMP	1	814.27	620.92	814.27	620.92	-1	
15516025265	SMP	1	812.08	621.45	812.08	621.45	-1	
15516033541	SMP	1	814.58	612.69	814.58	612.69	-1	
15516041882	SMP	1	795.72	605.94	795.72	605.94	-1	
15516050244	SMP	1	808.37	611.07	808.37	611.07	-1	
15516058644	SMP	1	812.30	620.69	812.30	620.69	-1	
15516066923	SMP	1	811.38	613.82	811.38	613.82	-1	
15516075272	SMP	1	810.58	618.59	810.58	618.59	-1	
15516083641	SMP	1	816.71	617.72	816.71	617.72	-1	
15516092050	SMP	1	811.61	612.77	811.61	612.77	-1	
15516100270	SMP	1	815.55	614.73	815.55	614.73	-1	
15516108619	SMP	1	809.20	605.73	809.20	605.73	-1	
15516117014	SMP	1	810.98	606.71	810.98	606.71	-1	
15516126083	SMP	1	815.99	602.74	815.99	602.74	-1	
15516133656	SMP	1	819.17	606.42	819.17	606.42	-1	
15516142036	SMP	1	818.85	607.06	818.85	607.06	-1	
15516150400	SMP	1	808.28	606.32	808.28	606.32	-1	
15516158687	SMP	1	816.40	597.13	816.40	597.13	-1	
15516167025	SMP	1	811.78	607.02	811.78	607.02	-1	
15516175386	SMP	1	822.72	597.59	822.72	597.59	-1	
15516183738	SMP	1	813.71	598.46	813.71	598.46	-1	
15516192023	SMP	1	821.47	598.15	821.47	598.15	-1	
15516200401	SMP	1	824.81	610.87	824.81	610.87	-1	
15516208741	SMP	1	817.39	607.28	817.39	607.28	-1	
15516217115	SMP	1	818.58	606.60	818.58	606.60	-1	
15516225407	SMP	1	817.95	600.85	817.95	600.85	-1	
15516233752	SMP	1	821.89	618.56	821.89	618.56	-1	
15516242135	SMP	1	832.30	591.04	832.30	591.04	-1	
15516250539	SMP	1	814.60	603.43	814.60	603.43	-1	
15516258809	SMP	1	821.26	612.28	821.26	612.28	-1	
15516267151	SMP	1	819.59	647.30	819.59	647.30	-1	
15516275528	SMP	1	815.86	620.70	815.86	620.70	-1	
15516283767	SMP	1	813.84	622.26	813.84	622.26	-1	
15516292137	SMP	1	812.34	622.82	812.34	622.82	-1	
15516300473	SMP	1	810.59	628.41	810.59	628.41	-1	
15516308914	SMP	1	814.82	608.89	814.82	608.89	-1	
15516317123	SMP	1	814.37	627.35	814.37	627.35	-1	
15516325509	SMP	1	816.06	630.74	816.06	630.74	-1	
15516333898	SMP	1	817.08	621.79	817.08	621.79	-1	
15516342283	SMP	1	816.52	624.96	816.52	624.96	-1	
15516350491	SMP	1	810.30	628.93	810.30	628.93	-1	
15516358914	SMP	1	813.02	629.68	813.02	629.68	-1	
15516367269	SMP	1	801.12	616.99	801.12	616.99	-1	
15516375642	SMP	1	813.94	609.02	813.94	609.02	-1	
15516383891	SMP	1	817.66	602.81	817.66	602.81	-1	
15516392243	SMP	1	818.67	627.55	818.67	627.55	-1	
15516400622	SMP	1	817.16	632.29	817.16	632.29	-1	
15516408827	SMP	1	809.52	629.11	809.52	629.11	-1	
15516417310	SMP	1	811.43	616.06	811.43	616.06	-1	
15516425648	SMP	1	814.16	626.83	814.16	626.83	-1	
15516433863	SMP	1	817.98	622.18	817.98	622.18	-1	
15516442288	SMP	1	825.36	599.83	825.36	599.83	-1	
15516450617	SMP	1	817.35	610.11	817.35	610.11	-1	
15516459072	SMP	1	820.37	606.72	820.37	606.72	-1	
15516467407	SMP	1	820.49	613.12	820.49	613.12	-1	
15516475608	SMP	1	825.79	618.65	825.79	618.65	-1	
15516484003	SMP	1	818.43	612.11	818.43	612.11	-1	
15516492476	SMP	1	810.86	606.00	810.86	606.00	-1	
15516500803	SMP	1	819.81	597.45	819.81	597.45	-1	
15516509144	SMP	1	821.01	616.63	821.01	616.63	-1	
15516517388	SMP	1	819.73	596.14	819.73	596.14	-1	
15516525823	SMP	1	819.42	607.45	819.42	607.45	-1	
15516534140	SMP	1	813.81	616.72	813.81	616.72	-1	
15516542382	SMP	1	822.44	615.16	822.44	615.16	-1	
15516550768	SMP	1	821.12	622.06	821.12	622.06	-1	
15516559150	SMP	1	822.45	620.28	822.45	620.28	-1	
15516567390	SMP	1	817.24	601.51	817.24	601.51	-1	
15516575880	SMP	1	817.20	624.46	817.20	624.46	-1	
15516584134	SMP	1	815.75	624.04	815.75	624.04	-1	
15516592583	SMP	1	812.19	622.32	812.19	622.32	-1	
15516600720	SMP	1	809.31	622.33	809.31	622.33	-1	
15516609071	SMP	1	808.93	623.03	808.93	623.03	-1	
15516617486	SMP	1	816.99	626.04	816.99	626.04	-1	
15516625905	SMP	1	812.27	627.25	812.27	627.25	-1	
15516634099	SMP	1	812.70	626.19	812.70	626.19	-1	
15516642515	SMP	1	808.63	628.08	808.63	628.08	-1	
15516650849	SMP	1	807.32	632.13	807.32	632.13	-1	
15516659431	SMP	1	807.72	632.34	807.72	632.34	-1	
15516667515	SMP	1	809.48	628.33	809.48	628.33	-1	
15516675860	SMP	1	809.38	630.47	809.38	630.47	-1	
15516684257	SMP	1	811.31	633.28	811.31	633.28	-1	
15516693042	SMP	1	812.47	629.76	812.47	629.76	-1	
15516700885	SMP	1	809.59	630.76	809.59	630.76	-1	
15516709232	SMP	1	808.58	630.57	808.58	630.57	-1	
15516717632	SMP	1	808.09	629.83	808.09	629.83	-1	
15516725889	SMP	1	807.75	619.31	807.75	619.31	-1	
15516734225	SMP	1	807.39	623.46	807.39	623.46	-1	
15516742653	SMP	1	806.49	621.66	806.49	621.66	-1	
15516750987	SMP	1	808.27	607.10	808.27	607.10	-1	
15516759296	SMP	1	804.58	615.98	804.58	615.98	-1	
15516767635	SMP	1	805.07	617.18	805.07	617.18	-1	
15516775972	SMP	1	804.12	613.89	804.12	613.89	-1	
15516784369	SMP	1	802.90	616.71	802.90	616.71	-1	
15516792661	SMP	1	801.93	616.54	801.93	616.54	-1	
15516801001	SMP	1	798.27	623.06	798.27	623.06	-1	
15516809326	SMP	1	804.26	619.11	804.26	619.11	-1	
15516817614	SMP	1	802.17	619.16	802.17	619.16	-1	
15516826018	SMP	1	805.94	609.92	805.94	609.92	-1	
15516834407	SMP	1	798.60	605.96	798.60	605.96	-1	
15516842735	SMP	1	805.07	600.98	805.07	600.98	-1	
15516850973	SMP	1	803.10	616.01	803.10	616.01	-1	
15516859355	SMP	1	797.83	616.13	797.83	616.13	-1	
15516867767	SMP	1	795.47	613.41	795.47	613.41	-1	
15516876151	SMP	1	795.44	617.33	795.44	617.33	-1	
15516884416	SMP	1	791.93	605.16	791.93	605.16	-1	
15516892763	SMP	1	795.12	615.91	795.12	615.91	-1	
15516901120	SMP	1	783.05	607.75	783.05	607.75	-1	
15516909474	SMP	1	794.74	611.95	794.74	611.95	-1	
15516917699	SMP	1	798.06	616.27	798.06	616.27	-1	
15516926155	SMP	1	793.10	620.57	793.10	620.57	-1	
15516934464	SMP	1	791.80	618.39	791.80	618.39	-1	
15516943029	SMP	1	789.33	616.73	789.33	616.73	-1	
15516951084	SMP	1	791.91	619.22	791.91	619.22	-1	
15516959530	SMP	1	794.01	623.56	794.01	623.56	-1	
15516967945	SMP	1	799.91	611.11	799.91	611.11	-1	
15516976123	SMP	1	798.16	618.18	798.16	618.18	-1	
15516984487	SMP	1	797.65	619.80	797.65	619.80	-1	
15516993524	SMP	1	799.39	619.79	799.39	619.79	-1	
15517001245	SMP	1	795.67	619.30	795.67	619.30	-1	
15517009466	SMP	1	799.70	620.08	799.70	620.08	-1	
15517017892	SMP	1	797.47	617.19	797.47	617.19	-1	
15517026261	SMP	1	796.37	615.46	796.37	615.46	-1	
15517034614	SMP	1	801.44	615.86	801.44	615.86	-1	
15517042876	SMP	1	800.62	613.57	800.62	613.57	-1	
15517051243	SMP	1	802.70	597.16	802.70	597.16	-1	
15517059623	SMP	1	803.34	612.61	803.34	612.61	-1	
15517068038	SMP	1	802.49	607.80	802.49	607.80	-1	
15517076330	SMP	1	801.02	612.81	801.02	612.81	-1	
15517084618	SMP	1	797.19	605.47	797.19	605.47	-1	
15517093001	SMP	1	802.25	600.27	802.25	600.27	-1	
15517101205	SMP	1	804.21	602.78	804.21	602.78	-1	
15517109640	SMP	1	803.52	608.27	803.52	608.27	-1	
15517118009	SMP	1	803.73	600.53	803.73	600.53	-1	
15517126914	SMP	1	805.32	611.61	805.32	611.61	-1	
15517134623	SMP	1	801.74	614.91	801.74	614.91	-1	
15517143014	SMP	1	800.79	619.17	800.79	619.17	-1	
15517151344	SMP	1	802.22	616.56	802.22	616.56	-1	
15517159765	SMP	1	799.32	616.41	799.32	616.41	-1	
15517168067	SMP	1	800.05	613.97	800.05	613.97	-1	
15517176351	SMP	1	802.18	622.29	802.18	622.29	-1	
15517184724	SMP	1	806.04	619.48	806.04	619.48	-1	
15517193143	SMP	1	804.24	612.47	804.24	612.47	-1	
15517201355	SMP	1	796.58	609.94	796.58	609.94	-1	
15517209707	SMP	1	794.64	620.32	794.64	620.32	-1	
15517218118	SMP	1	808.23	615.73	808.23	615.73	-1	
15517226428	SMP	1	798.35	609.41	798.35	609.41	-1	
15517234741	SMP	1	793.41	612.15	793.41	612.15	-1	
15517243129	SMP	1	804.85	611.18	804.85	611.18	-1	
15517251490	SMP	1	808.53	613.39	808.53	613.39	-1	
15517260048	SMP	1	783.64	605.57	783.64	605.57	-1	
15517268109	SMP	1	803.97	596.78	803.97	596.78	-1	
15517276472	SMP	1	807.84	607.99	807.84	607.99	-1	
15517284887	SMP	1	793.41	606.48	793.41	606.48	-1	
15517293113	SMP	1	804.07	604.40	804.07	604.40	-1	
15517301463	SMP	1	798.84	603.41	798.84	603.41	-1	
15517309852	SMP	1	793.17	588.16	793.17	588.16	-1	
15517318233	SMP	1	785.47	595.37	785.47	595.37	-1	
15517326509	SMP	1	799.50	598.65	799.50	598.65	-1	
15517334843	SMP	1	797.63	604.29	797.63	604.29	-1	
15517343226	SMP	1	797.67	605.55	797.67	605.55	-1	
15517351615	SMP	1	796.17	602.02	796.17	602.02	-1	
15517359876	SMP	1	798.28	609.30	798.28	609.30	-1	
15517368250	SMP	1	791.49	605.84	791.49	605.84	-1	
15517376622	SMP	1	793.71	600.27	793.71	600.27	-1	
15517384861	SMP	1	788.84	602.02	788.84	602.02	-1	
15517393240	SMP	1	796.30	605.87	796.30	605.87	-1	
15517401582	SMP	1	793.22	610.58	793.22	610.58	-1	
15517409955	SMP	1	798.54	609.95	798.54	609.95	-1	
15517418190	SMP	1	804.66	611.34	804.66	611.34	-1	
15517426624	SMP	1	797.68	611.53	797.68	611.53	-1	
15517434950	SMP	1	794.46	610.93	794.46	610.93	-1	
15517443378	SMP	1	799.46	613.64	799.46	613.64	-1	
15517451586	SMP	1	800.52	613.61	800.52	613.61	-1	
15517459987	SMP	1	795.75	615.06	795.75	615.06	-1	
15517468367	SMP	1	790.54	626.78	790.54	626.78	-1	
15517476703	SMP	1	798.34	624.30	798.34	624.30	-1	
15517484951	SMP	1	793.41	620.10	793.41	620.10	-1	
15517493374	SMP	1	790.47	620.16	790.47	620.16	-1	
15517501727	SMP	1	791.00	621.70	791.00	621.70	-1	
15517510001	SMP	1	788.17	628.50	788.17	628.50	-1	
15517518357	SMP	1	781.40	622.00	781.40	622.00	-1	
15517526716	SMP	1	779.51	623.99	779.51	623.99	-1	
15517535097	SMP	1	786.05	624.15	786.05	624.15	-1	
15517543387	SMP	1	781.17	605.92	781.17	605.92	-1	
15517551736	SMP	1	784.24	625.62	784.24	625.62	-1	
15517560633	SMP	1	782.98	627.09	782.98	627.09	-1	
15517568524	SMP	1	785.28	616.02	785.28	616.02	-1	
15517585098	SMP	1	781.09	622.07	781.09	622.07	-1	
15517593499	SMP	1	786.91	601.22	786.91	601.22	-1	
15517601867	SMP	1	777.13	604.42	777.13	604.42	-1	
15517610046	SMP	1	761.68	602.07	761.68	602.07	-1	
15517618500	SMP	1	776.58	619.74	776.58	619.74	-1	
15517627220	SMP	1	762.10	609.64	762.10	609.64	-1	
15517635121	SMP	1	767.04	606.99	767.04	606.99	-1	
15517643443	SMP	1	762.83	611.49	762.83	611.49	-1	
15517651862	SMP	1	764.29	615.13	764.29	615.13	-1	
15517660220	SMP	1	750.04	617.50	750.04	617.50	-1	
15517668565	SMP	1	741.84	618.86	741.84	618.86	-1	
15517676856	SMP	1	739.67	615.51	739.67	615.51	-1	
15517685188	SMP	1	739.08	620.70	739.08	620.70	-1	
15517693632	SMP	1	744.95	611.72	744.95	611.72	-1	
15517701833	SMP	1	733.04	620.05	733.04	620.05	-1	
15517710197	SMP	1	731.24	605.29	731.24	605.29	-1	
15517718586	SMP	1	729.59	614.32	729.59	614.32	-1	
15517726997	SMP	1	740.59	616.73	740.59	616.73	-1	
15517735215	SMP	1	731.71	608.57	731.71	608.57	-1	
15517743827	SMP	1	732.53	619.88	732.53	619.88	-1	
15517751990	SMP	1	741.52	627.65	741.52	627.65	-1	
15517760210	SMP	1	732.15	623.39	732.15	623.39	-1	
15517768609	SMP	1	730.96	639.21	730.96	639.21	-1	
15517776955	SMP	1	586.15	749.97	586.15	749.97	-1	
15517785366	SMP	1	388.74	910.43	388.74	910.43	-1	
15517801994	SMP	1	0.00	0.00	0.00	0.00	-1	
15517810356	SMP	1	0.00	0.00	0.00	0.00	-1	
15517818713	SMP	1	0.00	0.00	0.00	0.00	-1	
15517828019	SMP	1	0.00	0.00	0.00	0.00	-1	
15517835367	SMP	1	0.00	0.00	0.00	0.00	-1	
15517843701	SMP	1	0.00	0.00	0.00	0.00	-1	
15517852094	SMP	1	0.00	0.00	0.00	0.00	-1	
15517860341	SMP	1	0.00	0.00	0.00	0.00	-1	
15517868736	SMP	1	0.00	0.00	0.00	0.00	-1	
15517877082	SMP	1	0.00	0.00	0.00	0.00	-1	
15517885416	SMP	1	0.00	0.00	0.00	0.00	-1	
15517893732	SMP	1	0.00	0.00	0.00	0.00	-1	
15517902100	SMP	1	0.00	0.00	0.00	0.00	-1	
15517910456	SMP	1	0.00	0.00	0.00	0.00	-1	
15517918845	SMP	1	0.00	0.00	0.00	0.00	-1	
15517927139	SMP	1	0.00	0.00	0.00	0.00	-1	
15517935458	SMP	1	0.00	0.00	0.00	0.00	-1	
15517943869	SMP	1	0.00	0.00	0.00	0.00	-1	
15517952106	SMP	1	0.00	0.00	0.00	0.00	-1	
15517960541	SMP	1	0.00	0.00	0.00	0.00	-1	
15517968848	SMP	1	0.00	0.00	0.00	0.00	-1	
15517977144	SMP	1	0.00	0.00	0.00	0.00	-1	
15517985470	SMP	1	0.00	0.00	0.00	0.00	-1	
15517994173	SMP	1	0.00	0.00	0.00	0.00	-1	
15518002237	SMP	1	0.00	0.00	0.00	0.00	-1	
15518010589	SMP	1	0.00	0.00	0.00	0.00	-1	
15518018966	SMP	1	0.00	0.00	0.00	0.00	-1	
15518027240	SMP	1	0.00	0.00	0.00	0.00	-1	
15518035596	SMP	1	0.00	0.00	0.00	0.00	-1	
15518043812	SMP	1	0.00	0.00	0.00	0.00	-1	
15518052259	SMP	1	0.00	0.00	0.00	0.00	-1	
15518060811	SMP	1	0.00	0.00	0.00	0.00	-1	
15518069020	SMP	1	0.00	0.00	0.00	0.00	-1	
15518077184	SMP	1	0.00	0.00	0.00	0.00	-1	
15518085544	SMP	1	0.00	0.00	0.00	0.00	-1	
15518094003	SMP	1	0.00	0.00	0.00	0.00	-1	
15518102362	SMP	1	0.00	0.00	0.00	0.00	-1	
15518110561	SMP	1	0.00	0.00	0.00	0.00	-1	
15518119106	SMP	1	0.00	0.00	0.00	0.00	-1	
15518127325	SMP	1	0.00	0.00	0.00	0.00	-1	
15518135731	SMP	1	0.00	0.00	0.00	0.00	-1	
15518143962	SMP	1	0.00	0.00	0.00	0.00	-1	
15518152324	SMP	1	0.00	0.00	0.00	0.00	-1	
15518160727	SMP	1	0.00	0.00	0.00	0.00	-1	
15518169109	SMP	1	0.00	0.00	0.00	0.00	-1	
15518177344	SMP	1	0.00	0.00	0.00	0.00	-1	
15518185729	SMP	1	0.00	0.00	0.00	0.00	-1	
15518194086	SMP	1	0.00	0.00	0.00	0.00	-1	
15518202315	SMP	1	0.00	0.00	0.00	0.00	-1	
15518377181	SMP	1	0.00	0.00	0.00	0.00	-1	
15518427025	SMP	1	0.00	0.00	0.00	0.00	-1	
15518476999	SMP	1	0.00	0.00	0.00	0.00	-1	
15518527375	SMP	1	0.00	0.00	0.00	0.00	-1	
15518577084	SMP	1	0.00	0.00	0.00	0.00	-1	
15518627231	SMP	1	0.00	0.00	0.00	0.00	-1	
15518677024	SMP	1	0.00	0.00	0.00	0.00	-1	
15518727023	SMP	1	0.00	0.00	0.00	0.00	-1	
15518777053	SMP	1	0.00	0.00	0.00	0.00	-1	
15518827191	SMP	1	0.00	0.00	0.00	0.00	-1	
15518877080	SMP	1	0.00	0.00	0.00	0.00	-1	
15518927469	SMP	1	0.00	0.00	0.00	0.00	-1	
15518977311	SMP	1	0.00	0.00	0.00	0.00	-1	
15519027831	SMP	1	0.00	0.00	0.00	0.00	-1	
15519077099	SMP	1	0.00	0.00	0.00	0.00	-1	
15519127498	SMP	1	0.00	0.00	0.00	0.00	-1	
15519177314	SMP	1	0.00	0.00	0.00	0.00	-1	
15519227998	SMP	1	0.00	0.00	0.00	0.00	-1	
15519277279	SMP	1	0.00	0.00	0.00	0.00	-1	
15519327994	SMP	1	0.00	0.00	0.00	0.00	-1	
15519377467	SMP	1	0.00	0.00	0.00	0.00	-1	
15519427528	SMP	1	0.00	0.00	0.00	0.00	-1	
15519477423	SMP	1	0.00	0.00	0.00	0.00	-1	
15519528139	SMP	1	0.00	0.00	0.00	0.00	-1	
15519577437	SMP	1	0.00	0.00	0.00	0.00	-1	
15519627591	SMP	1	0.00	0.00	0.00	0.00	-1	
15519677581	SMP	1	0.00	0.00	0.00	0.00	-1	
15519728102	SMP	1	0.00	0.00	0.00	0.00	-1	
15519777865	SMP	1	0.00	0.00	0.00	0.00	-1	
15519828395	SMP	1	0.00	0.00	0.00	0.00	-1	
15519877579	SMP	1	0.00	0.00	0.00	0.00	-1	
15519928163	SMP	1	0.00	0.00	0.00	0.00	-1	
15519977556	SMP	1	0.00	0.00	0.00	0.00	-1	
15520027621	SMP	1	0.00	0.00	0.00	0.00	-1	
15520077678	SMP	1	0.00	0.00	0.00	0.00	-1	
15520128309	SMP	1	0.00	0.00	0.00	0.00	-1	
15520177925	SMP	1	0.00	0.00	0.00	0.00	-1	
15520227920	SMP	1	0.00	0.00	0.00	0.00	-1	
15520277845	SMP	1	0.00	0.00	0.00	0.00	-1	
15520328318	SMP	1	0.00	0.00	0.00	0.00	-1	
15520377923	SMP	1	0.00	0.00	0.00	0.00	-1	
15520428467	SMP	1	0.00	0.00	0.00	0.00	-1	
15520477936	SMP	1	0.00	0.00	0.00	0.00	-1	
15520528511	SMP	1	0.00	0.00	0.00	0.00	-1	
15520578364	SMP	1	0.00	0.00	0.00	0.00	-1	
15520627966	SMP	1	0.00	0.00	0.00	0.00	-1	
15520677989	SMP	1	0.00	0.00	0.00	0.00	-1	
15520728640	SMP	1	0.00	0.00	0.00	0.00	-1	
15520778203	SMP	1	0.00	0.00	0.00	0.00	-1	
15520827973	SMP	1	0.00	0.00	0.00	0.00	-1	
15520878146	SMP	1	0.00	0.00	0.00	0.00	-1	
15520929003	SMP	1	0.00	0.00	0.00	0.00	-1	
15520978368	SMP	1	0.00	0.00	0.00	0.00	-1	
15521028852	SMP	1	0.00	0.00	0.00	0.00	-1	
15521078261	SMP	1	0.00	0.00	0.00	0.00	-1	
15521128252	SMP	1	0.00	0.00	0.00	0.00	-1	
15521178250	SMP	1	0.00	0.00	0.00	0.00	-1	
15521228892	SMP	1	0.00	0.00	0.00	0.00	-1	
15521278262	SMP	1	0.00	0.00	0.00	0.00	-1	
15521329054	SMP	1	0.00	0.00	0.00	0.00	-1	
15521378447	SMP	1	0.00	0.00	0.00	0.00	-1	
15521429036	SMP	1	0.00	0.00	0.00	0.00	-1	
15521478359	SMP	1	0.00	0.00	0.00	0.00	-1	
15521528378	SMP	1	0.00	0.00	0.00	0.00	-1	
15521578358	SMP	1	0.00	0.00	0.00	0.00	-1	
15521628783	SMP	1	0.00	0.00	0.00	0.00	-1	
15521678452	SMP	1	0.00	0.00	0.00	0.00	-1	
15521728517	SMP	1	0.00	0.00	0.00	0.00	-1	
15521778549	SMP	1	0.00	0.00	0.00	0.00	-1	
15521829661	SMP	1	0.00	0.00	0.00	0.00	-1	
15521878653	SMP	1	0.00	0.00	0.00	0.00	-1	
15521929820	SMP	1	0.00	0.00	0.00	0.00	-1	
15521978600	SMP	1	0.00	0.00	0.00	0.00	-1	
15522029171	SMP	1	0.00	0.00	0.00	0.00	-1	
15522078622	SMP	1	0.00	0.00	0.00	0.00	-1	
15522129254	SMP	1	0.00	0.00	0.00	0.00	-1	
15522178729	SMP	1	0.00	0.00	0.00	0.00	-1	
15522229345	SMP	1	0.00	0.00	0.00	0.00	-1	
15522278766	SMP	1	0.00	0.00	0.00	0.00	-1	
15522329260	SMP	1	0.00	0.00	0.00	0.00	-1	
15522378923	SMP	1	0.00	0.00	0.00	0.00	-1	
15522429019	SMP	1	0.00	0.00	0.00	0.00	-1	
15522478866	SMP	1	0.00	0.00	0.00	0.00	-1	
15522528968	SMP	1	0.00	0.00	0.00	0.00	-1	
15522579007	SMP	1	0.00	0.00	0.00	0.00	-1	
15522629013	SMP	1	0.00	0.00	0.00	0.00	-1	
15522678987	SMP	1	0.00	0.00	0.00	0.00	-1	
15522729182	SMP	1	0.00	0.00	0.00	0.00	-1	
15522778982	SMP	1	0.00	0.00	0.00	0.00	-1	
15522829407	SMP	1	0.00	0.00	0.00	0.00	-1	
15522879119	SMP	1	0.00	0.00	0.00	0.00	-1	
15522930138	SMP	1	0.00	0.00	0.00	0.00	-1	
15522979113	SMP	1	0.00	0.00	0.00	0.00	-1	
15523029631	SMP	1	0.00	0.00	0.00	0.00	-1	
15523079251	SMP	1	0.00	0.00	0.00	0.00	-1	
15523129361	SMP	1	0.00	0.00	0.00	0.00	-1	
15523179260	SMP	1	0.00	0.00	0.00	0.00	-1	
15523229670	SMP	1	0.00	0.00	0.00	0.00	-1	
15523279340	SMP	1	0.00	0.00	0.00	0.00	-1	
15523329921	SMP	1	0.00	0.00	0.00	0.00	-1	
15523379652	SMP	1	0.00	0.00	0.00	0.00	-1	
15523429797	SMP	1	0.00	0.00	0.00	0.00	-1	
15523479316	SMP	1	0.00	0.00	0.00	0.00	-1	
15523529937	SMP	1	0.00	0.00	0.00	0.00	-1	
15523579329	SMP	1	0.00	0.00	0.00	0.00	-1	
15523629440	SMP	1	0.00	0.00	0.00	0.00	-1	
15523679371	SMP	1	0.00	0.00	0.00	0.00	-1	
15523730050	SMP	1	0.00	0.00	0.00	0.00	-1	
15523779622	SMP	1	0.00	0.00	0.00	0.00	-1	
15523829575	SMP	1	0.00	0.00	0.00	0.00	-1	
15523879472	SMP	1	0.00	0.00	0.00	0.00	-1	
15523929597	SMP	1	0.00	0.00	0.00	0.00	-1	
15523979536	SMP	1	0.00	0.00	0.00	0.00	-1	
15524029663	SMP	1	0.00	0.00	0.00	0.00	-1	
15524079429	SMP	1	0.00	0.00	0.00	0.00	-1	
15524129753	SMP	1	0.00	0.00	0.00	0.00	-1	
15524179675	SMP	1	0.00	0.00	0.00	0.00	-1	
15524229804	SMP	1	0.00	0.00	0.00	0.00	-1	
15524279670	SMP	1	0.00	0.00	0.00	0.00	-1	
15524330413	SMP	1	0.00	0.00	0.00	0.00	-1	
15524379672	SMP	1	0.00	0.00	0.00	0.00	-1	
15524429868	SMP	1	0.00	0.00	0.00	0.00	-1	
15524479935	SMP	1	0.00	0.00	0.00	0.00	-1	
15524529913	SMP	1	0.00	0.00	0.00	0.00	-1	
15524579758	SMP	1	0.00	0.00	0.00	0.00	-1	
15524629963	SMP	1	0.00	0.00	0.00	0.00	-1	
15524680155	SMP	1	0.00	0.00	0.00	0.00	-1	
15524729935	SMP	1	0.00	0.00	0.00	0.00	-1	
15524779841	SMP	1	0.00	0.00	0.00	0.00	-1	
15524830005	SMP	1	0.00	0.00	0.00	0.00	-1	
15524879915	SMP	1	0.00	0.00	0.00	0.00	-1	
15524930064	SMP	1	0.00	0.00	0.00	0.00	-1	
15524980017	SMP	1	0.00	0.00	0.00	0.00	-1	
15525030092	SMP	1	0.00	0.00	0.00	0.00	-1	
15525080033	SMP	1	0.00	0.00	0.00	0.00	-1	
15525130122	SMP	1	0.00	0.00	0.00	0.00	-1	
15525180183	SMP	1	0.00	0.00	0.00	0.00	-1	
15525230153	SMP	1	0.00	0.00	0.00	0.00	-1	
15525280139	SMP	1	0.00	0.00	0.00	0.00	-1	
15525330107	SMP	1	0.00	0.00	0.00	0.00	-1	
15525380155	SMP	1	0.00	0.00	0.00	0.00	-1	
15525430750	SMP	1	0.00	0.00	0.00	0.00	-1	
15525480244	SMP	1	0.00	0.00	0.00	0.00	-1	
15525530371	SMP	1	0.00	0.00	0.00	0.00	-1	
15525580374	SMP	1	0.00	0.00	0.00	0.00	-1	
15525630414	SMP	1	0.00	0.00	0.00	0.00	-1	
15525680360	SMP	1	0.00	0.00	0.00	0.00	-1	
15525730424	SMP	1	0.00	0.00	0.00	0.00	-1	
15525780374	SMP	1	0.00	0.00	0.00	0.00	-1	
15525830596	SMP	1	0.00	0.00	0.00	0.00	-1	
15525880344	SMP	1	0.00	0.00	0.00	0.00	-1	
15525930606	SMP	1	0.00	0.00	0.00	0.00	-1	
15525980442	SMP	1	0.00	0.00	0.00	0.00	-1	
15526030560	SMP	1	0.00	0.00	0.00	0.00	-1	
15526080474	SMP	1	0.00	0.00	0.00	0.00	-1	
15526130625	SMP	1	0.00	0.00	0.00	0.00	-1	
15526180616	SMP	1	0.00	0.00	0.00	0.00	-1	
15526230591	SMP	1	0.00	0.00	0.00	0.00	-1	
15526280615	SMP	1	0.00	0.00	0.00	0.00	-1	
15526330648	SMP	1	0.00	0.00	0.00	0.00	-1	
15526380741	SMP	1	0.00	0.00	0.00	0.00	-1	
15526430782	SMP	1	0.00	0.00	0.00	0.00	-1	
15526480862	SMP	1	0.00	0.00	0.00	0.00	-1	
15526530763	SMP	1	0.00	0.00	0.00	0.00	-1	
15526580712	SMP	1	0.00	0.00	0.00	0.00	-1	
15526630906	SMP	1	0.00	0.00	0.00	0.00	-1	
15526680787	SMP	1	0.00	0.00	0.00	0.00	-1	
15526731226	SMP	1	0.00	0.00	0.00	0.00	-1	
15526780813	SMP	1	0.00	0.00	0.00	0.00	-1	
15526831141	SMP	1	0.00	0.00	0.00	0.00	-1	
15526880893	SMP	1	0.00	0.00	0.00	0.00	-1	
15526931005	SMP	1	0.00	0.00	0.00	0.00	-1	
15526980975	SMP	1	0.00	0.00	0.00	0.00	-1	
15527030998	SMP	1	0.00	0.00	0.00	0.00	-1	
15527080913	SMP	1	0.00	0.00	0.00	0.00	-1	
15527131045	SMP	1	0.00	0.00	0.00	0.00	-1	
15527181168	SMP	1	0.00	0.00	0.00	0.00	-1	
15527231199	SMP	1	0.00	0.00	0.00	0.00	-1	
15527281103	SMP	1	0.00	0.00	0.00	0.00	-1	
15527331086	SMP	1	0.00	0.00	0.00	0.00	-1	
15527381180	SMP	1	0.00	0.00	0.00	0.00	-1	
15527431236	SMP	1	0.00	0.00	0.00	0.00	-1	
15527481151	SMP	1	0.00	0.00	0.00	0.00	-1	
15527531197	SMP	1	0.00	0.00	0.00	0.00	-1	
15527581194	SMP	1	0.00	0.00	0.00	0.00	-1	
15527631478	SMP	1	0.00	0.00	0.00	0.00	-1	
15527681383	SMP	1	0.00	0.00	0.00	0.00	-1	
15527731298	SMP	1	0.00	0.00	0.00	0.00	-1	
15527781473	SMP	1	0.00	0.00	0.00	0.00	-1	
15527831327	SMP	1	0.00	0.00	0.00	0.00	-1	
15527881392	SMP	1	0.00	0.00	0.00	0.00	-1	
15527931448	SMP	1	0.00	0.00	0.00	0.00	-1	
15527981463	SMP	1	0.00	0.00	0.00	0.00	-1	
15528031429	SMP	1	0.00	0.00	0.00	0.00	-1	
15528081490	SMP	1	0.00	0.00	0.00	0.00	-1	
15528131499	SMP	1	0.00	0.00	0.00	0.00	-1	
15528181559	SMP	1	0.00	0.00	0.00	0.00	-1	
15528231543	SMP	1	0.00	0.00	0.00	0.00	-1	
15528281603	SMP	1	0.00	0.00	0.00	0.00	-1	
15528331522	SMP	1	0.00	0.00	0.00	0.00	-1	
15528381607	SMP	1	0.00	0.00	0.00	0.00	-1	
15528431763	SMP	1	0.00	0.00	0.00	0.00	-1	
15528482204	SMP	1	0.00	0.00	0.00	0.00	-1	
15528531650	SMP	1	0.00	0.00	0.00	0.00	-1	
15528581685	SMP	1	0.00	0.00	0.00	0.00	-1	
15528631758	SMP	1	0.00	0.00	0.00	0.00	-1	
15528681771	SMP	1	0.00	0.00	0.00	0.00	-1	
15528731757	SMP	1	0.00	0.00	0.00	0.00	-1	
15528781777	SMP	1	0.00	0.00	0.00	0.00	-1	
15528831747	SMP	1	0.00	0.00	0.00	0.00	-1	
15528881829	SMP	1	0.00	0.00	0.00	0.00	-1	
15528931912	SMP	1	0.00	0.00	0.00	0.00	-1	
15528981904	SMP	1	0.00	0.00	0.00	0.00	-1	
15529054960	SMP	1	1173.04	276.39	1173.04	276.39	-1	
15529062871	SMP	1	959.78	131.77	959.78	131.77	-1	
15529071468	SMP	1	967.45	264.93	967.45	264.93	-1	
15529079645	SMP	1	1023.98	130.20	1023.98	130.20	-1	
15529087907	SMP	1	1079.28	229.70	1079.28	229.70	-1	
15529096301	SMP	1	1039.40	223.38	1039.40	223.38	-1	
15529104681	SMP	1	1083.87	248.00	1083.87	248.00	-1	
15529112970	SMP	1	1060.45	241.61	1060.45	241.61	-1	
15529121233	SMP	1	1042.85	122.24	1042.85	122.24	-1	
15529129640	SMP	1	1005.31	136.59	1005.31	136.59	-1	
15529138049	SMP	1	1034.82	125.49	1034.82	125.49	-1	
15529146405	SMP	1	1013.40	137.10	1013.40	137.10	-1	
15529154634	SMP	1	1022.46	239.45	1022.46	239.45	-1	
15529163024	SMP	1	1031.89	253.13	1031.89	253.13	-1	
15529171446	SMP	1	1058.28	231.44	1058.28	231.44	-1	
15529179765	SMP	1	1044.52	139.27	1044.52	139.27	-1	
15529188033	SMP	1	1042.51	232.75	1042.51	232.75	-1	
15529196341	SMP	1	1120.46	224.58	1120.46	224.58	-1	
15529204790	SMP	1	1236.61	378.36	1236.61	378.36	-1	
15529213005	SMP	1	1309.65	476.08	1309.65	476.08	-1	
15529221412	SMP	1	1324.84	519.51	1324.84	519.51	-1	
15529229763	SMP	1	1320.66	527.89	1320.66	527.89	-1	
15529238306	SMP	1	1327.76	524.79	1327.76	524.79	-1	
15529246369	SMP	1	1331.00	528.91	1331.00	528.91	-1	
15529254744	SMP	1	1336.96	515.18	1336.96	515.18	-1	
15529263124	SMP	1	1339.79	522.51	1339.79	522.51	-1	
15529271557	SMP	1	1335.48	526.98	1335.48	526.98	-1	
15529279766	SMP	1	1336.77	529.04	1336.77	529.04	-1	
15529288186	SMP	1	1330.44	516.90	1330.44	516.90	-1	
15529296589	SMP	1	1334.09	522.98	1334.09	522.98	-1	
15529304908	SMP	1	1340.40	505.47	1340.40	505.47	-1	
15529313144	SMP	1	1339.21	523.98	1339.21	523.98	-1	
15529321518	SMP	1	1337.22	532.54	1337.22	532.54	-1	
15529329880	SMP	1	1337.10	513.65	1337.10	513.65	-1	
15529338158	SMP	1	1336.76	443.41	1336.76	443.41	-1	
15529346487	SMP	1	1331.98	532.59	1331.98	532.59	-1	
15529354861	SMP	1	1333.02	525.27	1333.02	525.27	-1	
15529363259	SMP	1	1334.81	526.31	1334.81	526.31	-1	
15529371506	SMP	1	1333.67	532.59	1333.67	532.59	-1	
15529379891	SMP	1	1333.06	533.18	1333.06	533.18	-1	
15529388269	SMP	1	1334.76	531.18	1334.76	531.18	-1	
15529396610	SMP	1	1334.94	538.74	1334.94	538.74	-1	
15529404901	SMP	1	1334.16	546.49	1334.16	546.49	-1	
15529413262	SMP	1	1333.53	536.40	1333.53	536.40	-1	
15529421658	SMP	1	1336.07	537.36	1336.07	537.36	-1	
15529430017	SMP	1	1335.04	535.80	1335.04	535.80	-1	
15529438665	SMP	1	1336.47	534.07	1336.47	534.07	-1	
15529446636	SMP	1	1334.17	523.44	1334.17	523.44	-1	
15529454990	SMP	1	1332.26	528.51	1332.26	528.51	-1	
15529463263	SMP	1	1333.52	525.63	1333.52	525.63	-1	
15529471722	SMP	1	1332.81	529.06	1332.81	529.06	-1	
15529480017	SMP	1	1331.19	535.41	1331.19	535.41	-1	
15529488354	SMP	1	1326.64	527.21	1326.64	527.21	-1	
15529496585	SMP	1	1327.96	524.04	1327.96	524.04	-1	
15529505061	SMP	1	1328.30	525.04	1328.30	525.04	-1	
15529513349	SMP	1	1328.77	530.04	1328.77	530.04	-1	
15529521725	SMP	1	1326.30	539.23	1326.30	539.23	-1	
15529530012	SMP	1	1321.30	539.03	1321.30	539.03	-1	
15529538968	SMP	1	1323.16	535.16	1323.16	535.16	-1	
15529546763	SMP	1	1322.16	541.94	1322.16	541.94	-1	
15529555077	SMP	1	1321.05	541.13	1321.05	541.13	-1	
15529563373	SMP	1	1315.85	551.54	1315.85	551.54	-1	
15529571777	SMP	1	1319.16	537.84	1319.16	537.84	-1	
15529580234	SMP	1	1318.82	562.34	1318.82	562.34	-1	
15529588636	SMP	1	1317.98	552.03	1317.98	552.03	-1	
15529596753	SMP	1	1316.74	551.65	1316.74	551.65	-1	
15529605484	SMP	1	1317.17	547.83	1317.17	547.83	-1	
15529613518	SMP	1	1320.83	536.48	1320.83	536.48	-1	
15529621741	SMP	1	1319.17	534.28	1319.17	534.28	-1	
15529630114	SMP	1	1319.03	532.76	1319.03	532.76	-1	
15529638558	SMP	1	1320.76	524.33	1320.76	524.33	-1	
15529646882	SMP	1	1324.63	542.45	1324.63	542.45	-1	
15529655100	SMP	1	1356.19	534.30	1356.19	534.30	-1	
15529663469	SMP	1	1438.79	544.89	1438.79	544.89	-1	
15529671901	SMP	1	1436.86	525.67	1436.86	525.67	-1	
15529680235	SMP	1	1330.72	530.48	1330.72	530.48	-1	
15529688512	SMP	1	1327.54	536.01	1327.54	536.01	-1	
15529696881	SMP	1	1333.63	534.28	1333.63	534.28	-1	
15529705409	SMP	1	1328.83	529.47	1328.83	529.47	-1	
15529713653	SMP	1	1326.89	535.02	1326.89	535.02	-1	
15529721869	SMP	1	1325.57	540.47	1325.57	540.47	-1	
15529730220	SMP	1	1326.17	540.27	1326.17	540.27	-1	
15529739193	SMP	1	1322.92	540.06	1322.92	540.06	-1	
15529746910	SMP	1	1316.24	541.18	1316.24	541.18	-1	
15529755244	SMP	1	1320.42	531.17	1320.42	531.17	-1	
15529763586	SMP	1	1315.77	541.13	1315.77	541.13	-1	
15529771969	SMP	1	1327.07	538.79	1327.07	538.79	-1	
15529780265	SMP	1	1329.36	531.04	1329.36	531.04	-1	
15529788641	SMP	1	1154.98	467.41	1154.98	467.41	-1	
15529796986	SMP	1	1025.48	349.98	1025.48	349.98	-1	
15529805699	SMP	1	756.31	270.49	756.31	270.49	-1	
15529813640	SMP	1	724.51	237.11	724.51	237.11	-1	
15529821966	SMP	1	161.06	529.61	161.06	529.61	-1	
15529830383	SMP	1	0.00	0.00	0.00	0.00	-1	
15529838871	SMP	1	0.00	0.00	0.00	0.00	-1	
15529847018	SMP	1	0.00	0.00	0.00	0.00	-1	
15529855498	SMP	1	0.00	0.00	0.00	0.00	-1	
15529863708	SMP	1	-16.43	1078.59	-16.43	1078.59	-1	
15529871989	SMP	1	-3.03	0.00	-3.03	0.00	-1	
15529881746	SMP	1	-2.56	0.00	-2.56	0.00	-1	
15529897129	SMP	1	-2.21	0.00	-2.21	0.00	-1	
15529905392	SMP	1	-1.93	0.00	-1.93	0.00	-1	
15529913769	SMP	1	-1.71	0.00	-1.71	0.00	-1	
15529938789	SMP	1	-1.53	0.00	-1.53	0.00	-1	
15529947135	SMP	1	-1.48	0.00	-1.48	0.00	-1	
15529955449	SMP	1	-1.43	0.00	-1.43	0.00	-1	
15529980513	SMP	1	-1.38	0.00	-1.38	0.00	-1	
15529988869	SMP	1	-1.32	0.00	-1.32	0.00	-1	
15529997232	SMP	1	0.00	0.00	0.00	0.00	-1	
15530005511	SMP	1	0.00	0.00	0.00	0.00	-1	
15530013893	SMP	1	0.00	0.00	0.00	0.00	-1	
15530022260	SMP	1	0.00	0.00	0.00	0.00	-1	
15530030578	SMP	1	0.00	0.00	0.00	0.00	-1	
15530038891	SMP	1	0.00	0.00	0.00	0.00	-1	
15530047258	SMP	1	0.00	0.00	0.00	0.00	-1	
15530055583	SMP	1	0.00	0.00	0.00	0.00	-1	
15530063890	SMP	1	0.00	0.00	0.00	0.00	-1	
15530072309	SMP	1	0.00	0.00	0.00	0.00	-1	
15530080626	SMP	1	0.00	0.00	0.00	0.00	-1	
15530089004	SMP	1	0.00	0.00	0.00	0.00	-1	
15530097231	SMP	1	0.00	0.00	0.00	0.00	-1	
15530105590	SMP	1	0.00	0.00	0.00	0.00	-1	
15530114031	SMP	1	0.00	0.00	0.00	0.00	-1	
15530122352	SMP	1	0.00	0.00	0.00	0.00	-1	
15530130587	SMP	1	0.00	0.00	0.00	0.00	-1	
15530139533	SMP	1	0.00	0.00	0.00	0.00	-1	
15530147364	SMP	1	0.00	0.00	0.00	0.00	-1	
15530155631	SMP	1	0.00	0.00	0.00	0.00	-1	
15530163983	SMP	1	0.00	0.00	0.00	0.00	-1	
15530172571	SMP	1	0.00	0.00	0.00	0.00	-1	
15530180749	SMP	1	0.00	0.00	0.00	0.00	-1	
15530188953	SMP	1	0.00	0.00	0.00	0.00	-1	
15530197345	SMP	1	0.00	0.00	0.00	0.00	-1	
15530205760	SMP	1	0.00	0.00	0.00	0.00	-1	
15530214124	SMP	1	0.00	0.00	0.00	0.00	-1	
15530222537	SMP	1	0.00	0.00	0.00	0.00	-1	
15530230728	SMP	1	0.00	0.00	0.00	0.00	-1	
15530406222	SMP	1	0.00	0.00	0.00	0.00	-1	
15530455211	SMP	1	0.00	0.00	0.00	0.00	-1	
15530505817	SMP	1	0.00	0.00	0.00	0.00	-1	
15530555312	SMP	1	0.00	0.00	0.00	0.00	-1	
15530605429	SMP	1	0.00	0.00	0.00	0.00	-1	
15530655492	SMP	1	0.00	0.00	0.00	0.00	-1	
15530706126	SMP	1	0.00	0.00	0.00	0.00	-1	
15530755305	SMP	1	0.00	0.00	0.00	0.00	-1	
15530805412	SMP	1	0.00	0.00	0.00	0.00	-1	
15530855436	SMP	1	0.00	0.00	0.00	0.00	-1	
15530905963	SMP	1	0.00	0.00	0.00	0.00	-1	
15530955449	SMP	1	0.00	0.00	0.00	0.00	-1	
15531005658	SMP	1	0.00	0.00	0.00	0.00	-1	
15531055635	SMP	1	0.00	0.00	0.00	0.00	-1	
15531106250	SMP	1	0.00	0.00	0.00	0.00	-1	
15531155550	SMP	1	0.00	0.00	0.00	0.00	-1	
15531206014	SMP	1	0.00	0.00	0.00	0.00	-1	
15531255715	SMP	1	0.00	0.00	0.00	0.00	-1	
15531306341	SMP	1	0.00	0.00	0.00	0.00	-1	
15531355737	SMP	1	0.00	0.00	0.00	0.00	-1	
15531406211	SMP	1	0.00	0.00	0.00	0.00	-1	
15531455797	SMP	1	0.00	0.00	0.00	0.00	-1	
15531506088	SMP	1	0.00	0.00	0.00	0.00	-1	
15531555784	SMP	1	0.00	0.00	0.00	0.00	-1	
15531606284	SMP	1	0.00	0.00	0.00	0.00	-1	
15531655820	SMP	1	0.00	0.00	0.00	0.00	-1	
15531705833	SMP	1	0.00	0.00	0.00	0.00	-1	
15531755789	SMP	1	0.00	0.00	0.00	0.00	-1	
15531806801	SMP	1	0.00	0.00	0.00	0.00	-1	
15531856523	SMP	1	0.00	0.00	0.00	0.00	-1	
15531907227	SMP	1	0.00	0.00	0.00	0.00	-1	
15531955873	SMP	1	0.00	0.00	0.00	0.00	-1	
15532006075	SMP	1	0.00	0.00	0.00	0.00	-1	
15532056120	SMP	1	0.00	0.00	0.00	0.00	-1	
15532106590	SMP	1	0.00	0.00	0.00	0.00	-1	
15532156024	SMP	1	0.00	0.00	0.00	0.00	-1	
15532206017	SMP	1	0.00	0.00	0.00	0.00	-1	
15532256379	SMP	1	0.00	0.00	0.00	0.00	-1	
15532306560	SMP	1	0.00	0.00	0.00	0.00	-1	
15532356167	SMP	1	0.00	0.00	0.00	0.00	-1	
15532406318	SMP	1	0.00	0.00	0.00	0.00	-1	
15532456193	SMP	1	0.00	0.00	0.00	0.00	-1	
15532506262	SMP	1	0.00	0.00	0.00	0.00	-1	
15532556295	SMP	1	0.00	0.00	0.00	0.00	-1	
15532606513	SMP	1	0.00	0.00	0.00	0.00	-1	
15532656386	SMP	1	0.00	0.00	0.00	0.00	-1	
15532706359	SMP	1	0.00	0.00	0.00	0.00	-1	
15532756392	SMP	1	0.00	0.00	0.00	0.00	-1	
15532806725	SMP	1	0.00	0.00	0.00	0.00	-1	
15532856385	SMP	1	0.00	0.00	0.00	0.00	-1	
15532906327	SMP	1	0.00	0.00	0.00	0.00	-1	
15532956637	SMP	1	0.00	0.00	0.00	0.00	-1	
15533007027	SMP	1	0.00	0.00	0.00	0.00	-1	
15533056662	SMP	1	0.00	0.00	0.00	0.00	-1	
15533106699	SMP	1	0.00	0.00	0.00	0.00	-1	
15533156621	SMP	1	0.00	0.00	0.00	0.00	-1	
15533207057	SMP	1	0.00	0.00	0.00	0.00	-1	
15533256609	SMP	1	0.00	0.00	0.00	0.00	-1	
15533306685	SMP	1	0.00	0.00	0.00	0.00	-1	
15533356701	SMP	1	0.00	0.00	0.00	0.00	-1	
15533407275	SMP	1	0.00	0.00	0.00	0.00	-1	
15533456849	SMP	1	0.00	0.00	0.00	0.00	-1	
15533507293	SMP	1	0.00	0.00	0.00	0.00	-1	
15533556862	SMP	1	0.00	0.00	0.00	0.00	-1	
15533607237	SMP	1	0.00	0.00	0.00	0.00	-1	
15533656727	SMP	1	0.00	0.00	0.00	0.00	-1	
15533706938	SMP	1	0.00	0.00	0.00	0.00	-1	
15533756858	SMP	1	0.00	0.00	0.00	0.00	-1	
15533807398	SMP	1	0.00	0.00	0.00	0.00	-1	
15533857100	SMP	1	0.00	0.00	0.00	0.00	-1	
15533907249	SMP	1	0.00	0.00	0.00	0.00	-1	
15533956836	SMP	1	0.00	0.00	0.00	0.00	-1	
15534006897	SMP	1	0.00	0.00	0.00	0.00	-1	
15534056981	SMP	1	0.00	0.00	0.00	0.00	-1	
15534107026	SMP	1	0.00	0.00	0.00	0.00	-1	
15534156975	SMP	1	0.00	0.00	0.00	0.00	-1	
15534206996	SMP	1	0.00	0.00	0.00	0.00	-1	
15534257091	SMP	1	0.00	0.00	0.00	0.00	-1	
15534307229	SMP	1	0.00	0.00	0.00	0.00	-1	
15534357090	SMP	1	0.00	0.00	0.00	0.00	-1	
15534407084	SMP	1	0.00	0.00	0.00	0.00	-1	
15534457105	SMP	1	0.00	0.00	0.00	0.00	-1	
15534507285	SMP	1	0.00	0.00	0.00	0.00	-1	
15534557222	SMP	1	0.00	0.00	0.00	0.00	-1	
15534608028	SMP	1	0.00	0.00	0.00	0.00	-1	
15534657456	SMP	1	0.00	0.00	0.00	0.00	-1	
15534707212	SMP	1	0.00	0.00	0.00	0.00	-1	
15534757236	SMP	1	0.00	0.00	0.00	0.00	-1	
15534807344	SMP	1	0.00	0.00	0.00	0.00	-1	
15534857320	SMP	1	0.00	0.00	0.00	0.00	-1	
15534907893	SMP	1	0.00	0.00	0.00	0.00	-1	
15534957438	SMP	1	0.00	0.00	0.00	0.00	-1	
15535007432	SMP	1	0.00	0.00	0.00	0.00	-1	
15535057596	SMP	1	0.00	0.00	0.00	0.00	-1	
15535108023	SMP	1	0.00	0.00	0.00	0.00	-1	
15535157509	SMP	1	0.00	0.00	0.00	0.00	-1	
15535207546	SMP	1	0.00	0.00	0.00	0.00	-1	
15535257677	SMP	1	0.00	0.00	0.00	0.00	-1	
15535307652	SMP	1	0.00	0.00	0.00	0.00	-1	
15535357630	SMP	1	0.00	0.00	0.00	0.00	-1	
15535407584	SMP	1	0.00	0.00	0.00	0.00	-1	
15535457708	SMP	1	0.00	0.00	0.00	0.00	-1	
15535507749	SMP	1	0.00	0.00	0.00	0.00	-1	
15535557676	SMP	1	0.00	0.00	0.00	0.00	-1	
15535607848	SMP	1	0.00	0.00	0.00	0.00	-1	
15535657728	SMP	1	0.00	0.00	0.00	0.00	-1	
15535707722	SMP	1	0.00	0.00	0.00	0.00	-1	
15535757796	SMP	1	0.00	0.00	0.00	0.00	-1	
15535807898	SMP	1	0.00	0.00	0.00	0.00	-1	
15535858087	SMP	1	0.00	0.00	0.00	0.00	-1	
15535907922	SMP	1	0.00	0.00	0.00	0.00	-1	
15535957905	SMP	1	0.00	0.00	0.00	0.00	-1	
15536007969	SMP	1	0.00	0.00	0.00	0.00	-1	
15536057927	SMP	1	0.00	0.00	0.00	0.00	-1	
15536107960	SMP	1	0.00	0.00	0.00	0.00	-1	
15536157946	SMP	1	0.00	0.00	0.00	0.00	-1	
15536208135	SMP	1	0.00	0.00	0.00	0.00	-1	
15536258115	SMP	1	0.00	0.00	0.00	0.00	-1	
15536308039	SMP	1	0.00	0.00	0.00	0.00	-1	
15536358047	SMP	1	0.00	0.00	0.00	0.00	-1	
15536408071	SMP	1	0.00	0.00	0.00	0.00	-1	
15536458028	SMP	1	0.00	0.00	0.00	0.00	-1	
15536508387	SMP	1	0.00	0.00	0.00	0.00	-1	
15536558219	SMP	1	0.00	0.00	0.00	0.00	-1	
15536608151	SMP	1	0.00	0.00	0.00	0.00	-1	
15536658182	SMP	1	0.00	0.00	0.00	0.00	-1	
15536708429	SMP	1	0.00	0.00	0.00	0.00	-1	
15536758388	SMP	1	0.00	0.00	0.00	0.00	-1	
15536808309	SMP	1	0.00	0.00	0.00	0.00	-1	
15536858282	SMP	1	0.00	0.00	0.00	0.00	-1	
15536908553	SMP	1	0.00	0.00	0.00	0.00	-1	
15536958333	SMP	1	0.00	0.00	0.00	0.00	-1	
15537008382	SMP	1	0.00	0.00	0.00	0.00	-1	
15537058743	SMP	1	0.00	0.00	0.00	0.00	-1	
15537108906	SMP	1	0.00	0.00	0.00	0.00	-1	
15537158422	SMP	1	0.00	0.00	0.00	0.00	-1	
15537208481	SMP	1	0.00	0.00	0.00	0.00	-1	
15537258493	SMP	1	0.00	0.00	0.00	0.00	-1	
15537308765	SMP	1	0.00	0.00	0.00	0.00	-1	
15537358999	SMP	1	0.00	0.00	0.00	0.00	-1	
15537408569	SMP	1	0.00	0.00	0.00	0.00	-1	
15537458582	SMP	1	0.00	0.00	0.00	0.00	-1	
15537508779	SMP	1	0.00	0.00	0.00	0.00	-1	
15537558657	SMP	1	0.00	0.00	0.00	0.00	-1	
15537608691	SMP	1	0.00	0.00	0.00	0.00	-1	
15537658647	SMP	1	0.00	0.00	0.00	0.00	-1	
15537708705	SMP	1	0.00	0.00	0.00	0.00	-1	
15537758928	SMP	1	0.00	0.00	0.00	0.00	-1	
15537808774	SMP	1	0.00	0.00	0.00	0.00	-1	
15537858851	SMP	1	0.00	0.00	0.00	0.00	-1	
15537909214	SMP	1	0.00	0.00	0.00	0.00	-1	
15537958944	SMP	1	0.00	0.00	0.00	0.00	-1	
15538009059	SMP	1	0.00	0.00	0.00	0.00	-1	
15538058873	SMP	1	0.00	0.00	0.00	0.00	-1	
15538109104	SMP	1	0.00	0.00	0.00	0.00	-1	
15538159038	SMP	1	0.00	0.00	0.00	0.00	-1	
15538208958	SMP	1	0.00	0.00	0.00	0.00	-1	
15538259074	SMP	1	0.00	0.00	0.00	0.00	-1	
15538309130	SMP	1	0.00	0.00	0.00	0.00	-1	
15538358959	SMP	1	0.00	0.00	0.00	0.00	-1	
15538408965	SMP	1	0.00	0.00	0.00	0.00	-1	
15538458933	SMP	1	0.00	0.00	0.00	0.00	-1	
15538509071	SMP	1	0.00	0.00	0.00	0.00	-1	
15538559117	SMP	1	0.00	0.00	0.00	0.00	-1	
15538609075	SMP	1	0.00	0.00	0.00	0.00	-1	
15538659091	SMP	1	0.00	0.00	0.00	0.00	-1	
15538709343	SMP	1	0.00	0.00	0.00	0.00	-1	
15538759215	SMP	1	0.00	0.00	0.00	0.00	-1	
15538809176	SMP	1	0.00	0.00	0.00	0.00	-1	
15538859225	SMP	1	0.00	0.00	0.00	0.00	-1	
15538909213	SMP	1	0.00	0.00	0.00	0.00	-1	
15538959225	SMP	1	0.00	0.00	0.00	0.00	-1	
15539009406	SMP	1	0.00	0.00	0.00	0.00	-1	
15539059354	SMP	1	0.00	0.00	0.00	0.00	-1	
15539109354	SMP	1	0.00	0.00	0.00	0.00	-1	
15539159321	SMP	1	0.00	0.00	0.00	0.00	-1	
15539209389	SMP	1	0.00	0.00	0.00	0.00	-1	
15539259458	SMP	1	0.00	0.00	0.00	0.00	-1	
15539309509	SMP	1	0.00	0.00	0.00	0.00	-1	
15539359433	SMP	1	0.00	0.00	0.00	0.00	-1	
15539409453	SMP	1	0.00	0.00	0.00	0.00	-1	
15539459921	SMP	1	0.00	0.00	0.00	0.00	-1	
15539509485	SMP	1	0.00	0.00	0.00	0.00	-1	
15539559558	SMP	1	0.00	0.00	0.00	0.00	-1	
15539609567	SMP	1	0.00	0.00	0.00	0.00	-1	
15539659590	SMP	1	0.00	0.00	0.00	0.00	-1	
15539709583	SMP	1	0.00	0.00	0.00	0.00	-1	
15539759692	SMP	1	0.00	0.00	0.00	0.00	-1	
15539809704	SMP	1	0.00	0.00	0.00	0.00	-1	
15539859656	SMP	1	0.00	0.00	0.00	0.00	-1	
15539909721	SMP	1	0.00	0.00	0.00	0.00	-1	
15539959671	SMP	1	0.00	0.00	0.00	0.00	-1	
15540009758	SMP	1	0.00	0.00	0.00	0.00	-1	
15540059799	SMP	1	0.00	0.00	0.00	0.00	-1	
15540109812	SMP	1	0.00	0.00	0.00	0.00	-1	
15540159789	SMP	1	0.00	0.00	0.00	0.00	-1	
15540209994	SMP	1	0.00	0.00	0.00	0.00	-1	
15540260000	SMP	1	0.00	0.00	0.00	0.00	-1	
15540309895	SMP	1	0.00	0.00	0.00	0.00	-1	
15540359935	SMP	1	0.00	0.00	0.00	0.00	-1	
15540409879	SMP	1	0.00	0.00	0.00	0.00	-1	
15540459926	SMP	1	0.00	0.00	0.00	0.00	-1	
15540510171	SMP	1	0.00	0.00	0.00	0.00	-1	
15540560164	SMP	1	0.00	0.00	0.00	0.00	-1	
15540610039	SMP	1	0.00	0.00	0.00	0.00	-1	
15540660130	SMP	1	0.00	0.00	0.00	0.00	-1	
15540710024	SMP	1	0.00	0.00	0.00	0.00	-1	
15540760154	SMP	1	0.00	0.00	0.00	0.00	-1	
15540810101	SMP	1	0.00	0.00	0.00	0.00	-1	
15540860125	SMP	1	0.00	0.00	0.00	0.00	-1	
15540910196	SMP	1	0.00	0.00	0.00	0.00	-1	
15540960153	SMP	1	0.00	0.00	0.00	0.00	-1	
15541010272	SMP	1	0.00	0.00	0.00	0.00	-1	
15541060331	SMP	1	0.00	0.00	0.00	0.00	-1	
15541110278	SMP	1	0.00	0.00	0.00	0.00	-1	
15541160261	SMP	1	0.00	0.00	0.00	0.00	-1	
15541210414	SMP	1	0.00	0.00	0.00	0.00	-1	
15541260470	SMP	1	0.00	0.00	0.00	0.00	-1	
15541310600	SMP	1	0.00	0.00	0.00	0.00	-1	
15541360394	SMP	1	0.00	0.00	0.00	0.00	-1	
15541410453	SMP	1	0.00	0.00	0.00	0.00	-1	
15541460403	SMP	1	0.00	0.00	0.00	0.00	-1	
15541510482	SMP	1	0.00	0.00	0.00	0.00	-1	
15541560511	SMP	1	0.00	0.00	0.00	0.00	-1	
15541610534	SMP	1	0.00	0.00	0.00	0.00	-1	
15541660479	SMP	1	0.00	0.00	0.00	0.00	-1	
15541710656	SMP	1	0.00	0.00	0.00	0.00	-1	
15541760665	SMP	1	0.00	0.00	0.00	0.00	-1	
15541810734	SMP	1	0.00	0.00	0.00	0.00	-1	
15541860653	SMP	1	0.00	0.00	0.00	0.00	-1	
15541910685	SMP	1	0.00	0.00	0.00	0.00	-1	
15541960619	SMP	1	0.00	0.00	0.00	0.00	-1	
15542010744	SMP	1	0.00	0.00	0.00	0.00	-1	
15542060759	SMP	1	0.00	0.00	0.00	0.00	-1	
15542110725	SMP	1	0.00	0.00	0.00	0.00	-1	
15542160844	SMP	1	0.00	0.00	0.00	0.00	-1	
15542210865	SMP	1	0.00	0.00	0.00	0.00	-1	
15542260881	SMP	1	0.00	0.00	0.00	0.00	-1	
15542310846	SMP	1	0.00	0.00	0.00	0.00	-1	
15542360965	SMP	1	0.00	0.00	0.00	0.00	-1	
15542410881	SMP	1	0.00	0.00	0.00	0.00	-1	
15542461020	SMP	1	0.00	0.00	0.00	0.00	-1	
15542511139	SMP	1	0.00	0.00	0.00	0.00	-1	
15542560973	SMP	1	0.00	0.00	0.00	0.00	-1	
15542611059	SMP	1	0.00	0.00	0.00	0.00	-1	
15542661004	SMP	1	0.00	0.00	0.00	0.00	-1	
15542711098	SMP	1	0.00	0.00	0.00	0.00	-1	
15542761126	SMP	1	0.00	0.00	0.00	0.00	-1	
15542811135	SMP	1	0.00	0.00	0.00	0.00	-1	
15542861088	SMP	1	0.00	0.00	0.00	0.00	-1	
15542911240	SMP	1	0.00	0.00	0.00	0.00	-1	
15542961177	SMP	1	0.00	0.00	0.00	0.00	-1	
15543011260	SMP	1	0.00	0.00	0.00	0.00	-1	
15543061205	SMP	1	0.00	0.00	0.00	0.00	-1	
15543111222	SMP	1	0.00	0.00	0.00	0.00	-1	
15543161265	SMP	1	0.00	0.00	0.00	0.00	-1	
15543211344	SMP	1	0.00	0.00	0.00	0.00	-1	
15543261360	SMP	1	0.00	0.00	0.00	0.00	-1	
15543311367	SMP	1	0.00	0.00	0.00	0.00	-1	
15543361345	SMP	1	0.00	0.00	0.00	0.00	-1	
15543411469	SMP	1	0.00	0.00	0.00	0.00	-1	
15543461463	SMP	1	0.00	0.00	0.00	0.00	-1	
15543511405	SMP	1	0.00	0.00	0.00	0.00	-1	
15543561463	SMP	1	0.00	0.00	0.00	0.00	-1	
15543611442	SMP	1	0.00	0.00	0.00	0.00	-1	
15543661463	SMP	1	0.00	0.00	0.00	0.00	-1	
15543711554	SMP	1	0.00	0.00	0.00	0.00	-1	
15543761575	SMP	1	0.00	0.00	0.00	0.00	-1	
15543811586	SMP	1	0.00	0.00	0.00	0.00	-1	
15543861598	SMP	1	0.00	0.00	0.00	0.00	-1	
15543911571	SMP	1	0.00	0.00	0.00	0.00	-1	
15543961680	SMP	1	0.00	0.00	0.00	0.00	-1	
15544011698	SMP	1	0.00	0.00	0.00	0.00	-1	
15544061667	SMP	1	0.00	0.00	0.00	0.00	-1	
15544111722	SMP	1	0.00	0.00	0.00	0.00	-1	
15544161768	SMP	1	0.00	0.00	0.00	0.00	-1	
15544211793	SMP	1	0.00	0.00	0.00	0.00	-1	
15544261803	SMP	1	0.00	0.00	0.00	0.00	-1	
15544311869	SMP	1	0.00	0.00	0.00	0.00	-1	
15544361816	SMP	1	0.00	0.00	0.00	0.00	-1	
15544411771	SMP	1	0.00	0.00	0.00	0.00	-1	
15544462111	SMP	1	0.00	0.00	0.00	0.00	-1	
15544511983	SMP	1	0.00	0.00	0.00	0.00	-1	
15544562032	SMP	1	0.00	0.00	0.00	0.00	-1	
15544612246	SMP	1	0.00	0.00	0.00	0.00	-1	
15544661953	SMP	1	0.00	0.00	0.00	0.00	-1	
15544712130	SMP	1	0.00	0.00	0.00	0.00	-1	
15544762060	SMP	1	0.00	0.00	0.00	0.00	-1	
15544812049	SMP	1	0.00	0.00	0.00	0.00	-1	
15544862064	SMP	1	0.00	0.00	0.00	0.00	-1	
15544912093	SMP	1	0.00	0.00	0.00	0.00	-1	
15544962143	SMP	1	0.00	0.00	0.00	0.00	-1	
15545012194	SMP	1	0.00	0.00	0.00	0.00	-1	
15545062137	SMP	1	0.00	0.00	0.00	0.00	-1	
15545112181	SMP	1	0.00	0.00	0.00	0.00	-1	
15545162174	SMP	1	0.00	0.00	0.00	0.00	-1	
15545212234	SMP	1	0.00	0.00	0.00	0.00	-1	
15545262313	SMP	1	0.00	0.00	0.00	0.00	-1	
15545312305	SMP	1	0.00	0.00	0.00	0.00	-1	
15545362288	SMP	1	0.00	0.00	0.00	0.00	-1	
15545412291	SMP	1	0.00	0.00	0.00	0.00	-1	
15545462404	SMP	1	0.00	0.00	0.00	0.00	-1	
15545512444	SMP	1	0.00	0.00	0.00	0.00	-1	
15545562471	SMP	1	0.00	0.00	0.00	0.00	-1	
15545612408	SMP	1	0.00	0.00	0.00	0.00	-1	
15545662442	SMP	1	0.00	0.00	0.00	0.00	-1	
15545712561	SMP	1	0.00	0.00	0.00	0.00	-1	
15545762495	SMP	1	0.00	0.00	0.00	0.00	-1	
15545812523	SMP	1	0.00	0.00	0.00	0.00	-1	
15545862550	SMP	1	0.00	0.00	0.00	0.00	-1	
15545912563	SMP	1	0.00	0.00	0.00	0.00	-1	
15545962655	SMP	1	0.00	0.00	0.00	0.00	-1	
15546012633	SMP	1	0.00	0.00	0.00	0.00	-1	
15546062588	SMP	1	0.00	0.00	0.00	0.00	-1	
15546112869	SMP	1	0.00	0.00	0.00	0.00	-1	
15546162672	SMP	1	0.00	0.00	0.00	0.00	-1	
15546212791	SMP	1	0.00	0.00	0.00	0.00	-1	
15546262734	SMP	1	0.00	0.00	0.00	0.00	-1	
15546312832	SMP	1	0.00	0.00	0.00	0.00	-1	
15546362778	SMP	1	0.00	0.00	0.00	0.00	-1	
15546412864	SMP	1	0.00	0.00	0.00	0.00	-1	
15546462923	SMP	1	0.00	0.00	0.00	0.00	-1	
15546512812	SMP	1	0.00	0.00	0.00	0.00	-1	
15546562851	SMP	1	0.00	0.00	0.00	0.00	-1	
15546612881	SMP	1	0.00	0.00	0.00	0.00	-1	
15546662892	SMP	1	0.00	0.00	0.00	0.00	-1	
15546712993	SMP	1	0.00	0.00	0.00	0.00	-1	
15546762973	SMP	1	0.00	0.00	0.00	0.00	-1	
15546812965	SMP	1	0.00	0.00	0.00	0.00	-1	
15546862981	SMP	1	0.00	0.00	0.00	0.00	-1	
15546912969	SMP	1	0.00	0.00	0.00	0.00	-1	
15546963116	SMP	1	0.00	0.00	0.00	0.00	-1	
15547013200	SMP	1	0.00	0.00	0.00	0.00	-1	
15547063077	SMP	1	0.00	0.00	0.00	0.00	-1	
15547113087	SMP	1	0.00	0.00	0.00	0.00	-1	
15547163124	SMP	1	0.00	0.00	0.00	0.00	-1	
15547213192	SMP	1	0.00	0.00	0.00	0.00	-1	
15547263257	SMP	1	0.00	0.00	0.00	0.00	-1	
15547313175	SMP	1	0.00	0.00	0.00	0.00	-1	
15547363230	SMP	1	0.00	0.00	0.00	0.00	-1	
15547413223	SMP	1	0.00	0.00	0.00	0.00	-1	
15547463458	SMP	1	0.00	0.00	0.00	0.00	-1	
15547513295	SMP	1	0.00	0.00	0.00	0.00	-1	
15547563287	SMP	1	0.00	0.00	0.00	0.00	-1	
15547613337	SMP	1	0.00	0.00	0.00	0.00	-1	
15547663533	SMP	1	0.00	0.00	0.00	0.00	-1	
15547713518	SMP	1	0.00	0.00	0.00	0.00	-1	
15547763478	SMP	1	0.00	0.00	0.00	0.00	-1	
15547813627	SMP	1	0.00	0.00	0.00	0.00	-1	
15547863478	SMP	1	0.00	0.00	0.00	0.00	-1	
15547913559	SMP	1	0.00	0.00	0.00	0.00	-1	
15547963612	SMP	1	0.00	0.00	0.00	0.00	-1	
15548013775	SMP	1	0.00	0.00	0.00	0.00	-1	
15548063529	SMP	1	0.00	0.00	0.00	0.00	-1	
15548113595	SMP	1	0.00	0.00	0.00	0.00	-1	
15548163599	SMP	1	0.00	0.00	0.00	0.00	-1	
15548213715	SMP	1	0.00	0.00	0.00	0.00	-1	
15548263695	SMP	1	0.00	0.00	0.00	0.00	-1	
15548313720	SMP	1	0.00	0.00	0.00	0.00	-1	
15548363720	SMP	1	0.00	0.00	0.00	0.00	-1	
15548414041	SMP	1	0.00	0.00	0.00	0.00	-1	
15548463822	SMP	1	0.00	0.00	0.00	0.00	-1	
15548513818	SMP	1	0.00	0.00	0.00	0.00	-1	
15548563804	SMP	1	0.00	0.00	0.00	0.00	-1	
15548613833	SMP	1	0.00	0.00	0.00	0.00	-1	
15548663884	SMP	1	0.00	0.00	0.00	0.00	-1	
15548713933	SMP	1	0.00	0.00	0.00	0.00	-1	
15548763951	SMP	1	0.00	0.00	0.00	0.00	-1	
15548813962	SMP	1	0.00	0.00	0.00	0.00	-1	
15548863938	SMP	1	0.00	0.00	0.00	0.00	-1	
15548914047	SMP	1	0.00	0.00	0.00	0.00	-1	
15548964028	SMP	1	0.00	0.00	0.00	0.00	-1	
15549014081	SMP	1	0.00	0.00	0.00	0.00	-1	
15549064886	SMP	1	0.00	0.00	0.00	0.00	-1	
15549114089	SMP	1	0.00	0.00	0.00	0.00	-1	
15549164075	SMP	1	0.00	0.00	0.00	0.00	-1	
15549214337	SMP	1	0.00	0.00	0.00	0.00	-1	
15549264091	SMP	1	0.00	0.00	0.00	0.00	-1	
15549314173	SMP	1	0.00	0.00	0.00	0.00	-1	
15549364157	SMP	1	0.00	0.00	0.00	0.00	-1	
15549414188	SMP	1	0.00	0.00	0.00	0.00	-1	
15549464216	SMP	1	0.00	0.00	0.00	0.00	-1	
15549514272	SMP	1	0.00	0.00	0.00	0.00	-1	
15549564270	SMP	1	0.00	0.00	0.00	0.00	-1	
15549614580	SMP	1	0.00	0.00	0.00	0.00	-1	
15549664193	SMP	1	0.00	0.00	0.00	0.00	-1	
15549714374	SMP	1	0.00	0.00	0.00	0.00	-1	
15549764390	SMP	1	0.00	0.00	0.00	0.00	-1	
15549814404	SMP	1	0.00	0.00	0.00	0.00	-1	
15549864416	SMP	1	0.00	0.00	0.00	0.00	-1	
15549914526	SMP	1	0.00	0.00	0.00	0.00	-1	
15549964516	SMP	1	0.00	0.00	0.00	0.00	-1	
15550014554	SMP	1	0.00	0.00	0.00	0.00	-1	
15550064478	SMP	1	0.00	0.00	0.00	0.00	-1	
15550114513	SMP	1	0.00	0.00	0.00	0.00	-1	
15550164622	SMP	1	0.00	0.00	0.00	0.00	-1	
15550214723	SMP	1	0.00	0.00	0.00	0.00	-1	
15550264609	SMP	1	0.00	0.00	0.00	0.00	-1	
15550314603	SMP	1	0.00	0.00	0.00	0.00	-1	
15550364599	SMP	1	0.00	0.00	0.00	0.00	-1	
15550414911	SMP	1	0.00	0.00	0.00	0.00	-1	
15550465051	SMP	1	0.00	0.00	0.00	0.00	-1	
15550514735	SMP	1	0.00	0.00	0.00	0.00	-1	
15550564748	SMP	1	0.00	0.00	0.00	0.00	-1	
15550614742	SMP	1	0.00	0.00	0.00	0.00	-1	
15550664838	SMP	1	0.00	0.00	0.00	0.00	-1	
15550714879	SMP	1	0.00	0.00	0.00	0.00	-1	
15550764884	SMP	1	0.00	0.00	0.00	0.00	-1	
15550814954	SMP	1	0.00	0.00	0.00	0.00	-1	
15550864843	SMP	1	0.00	0.00	0.00	0.00	-1	
15550914927	SMP	1	0.00	0.00	0.00	0.00	-1	
15550965070	SMP	1	0.00	0.00	0.00	0.00	-1	
15551015125	SMP	1	0.00	0.00	0.00	0.00	-1	
15551065173	SMP	1	0.00	0.00	0.00	0.00	-1	
15551114995	SMP	1	0.00	0.00	0.00	0.00	-1	
15551165126	SMP	1	0.00	0.00	0.00	0.00	-1	
15551215391	SMP	1	0.00	0.00	0.00	0.00	-1	
15551265155	SMP	1	0.00	0.00	0.00	0.00	-1	
15551315125	SMP	1	0.00	0.00	0.00	0.00	-1	
15551365093	SMP	1	0.00	0.00	0.00	0.00	-1	
15551415224	SMP	1	0.00	0.00	0.00	0.00	-1	
15551465172	SMP	1	0.00	0.00	0.00	0.00	-1	
15551515236	SMP	1	0.00	0.00	0.00	0.00	-1	
15551565250	SMP	1	0.00	0.00	0.00	0.00	-1	
15551615499	SMP	1	0.00	0.00	0.00	0.00	-1	
15551665262	SMP	1	0.00	0.00	0.00	0.00	-1	
15551715337	SMP	1	0.00	0.00	0.00	0.00	-1	
15551765571	SMP	1	0.00	0.00	0.00	0.00	-1	
15551815351	SMP	1	0.00	0.00	0.00	0.00	-1	
15551865301	SMP	1	0.00	0.00	0.00	0.00	-1	
15551915401	SMP	1	0.00	0.00	0.00	0.00	-1	
15551966021	SMP	1	0.00	0.00	0.00	0.00	-1	
15552015605	SMP	1	0.00	0.00	0.00	0.00	-1	
15552065410	SMP	1	0.00	0.00	0.00	0.00	-1	
15552115471	SMP	1	0.00	0.00	0.00	0.00	-1	
15552165545	SMP	1	0.00	0.00	0.00	0.00	-1	
15552216017	SMP	1	0.00	0.00	0.00	0.00	-1	
15552265576	SMP	1	0.00	0.00	0.00	0.00	-1	
15552315553	SMP	1	0.00	0.00	0.00	0.00	-1	
15552365563	SMP	1	0.00	0.00	0.00	0.00	-1	
15552415851	SMP	1	0.00	0.00	0.00	0.00	-1	
15552465718	SMP	1	0.00	0.00	0.00	0.00	-1	
15552515696	SMP	1	0.00	0.00	0.00	0.00	-1	
15552565696	SMP	1	0.00	0.00	0.00	0.00	-1	
15552615713	SMP	1	0.00	0.00	0.00	0.00	-1	
15552665796	SMP	1	0.00	0.00	0.00	0.00	-1	
15552715849	SMP	1	0.00	0.00	0.00	0.00	-1	
15552765901	SMP	1	0.00	0.00	0.00	0.00	-1	
15552816135	SMP	1	0.00	0.00	0.00	0.00	-1	
15552865809	SMP	1	0.00	0.00	0.00	0.00	-1	
15552915920	SMP	1	0.00	0.00	0.00	0.00	-1	
15552965908	SMP	1	0.00	0.00	0.00	0.00	-1	
15553015974	SMP	1	0.00	0.00	0.00	0.00	-1	
15553067610	SMP	1	0.00	0.00	0.00	0.00	-1	
15553115911	SMP	1	0.00	0.00	0.00	0.00	-1	
15553166188	SMP	1	0.00	0.00	0.00	0.00	-1	
15553216150	SMP	1	0.00	0.00	0.00	0.00	-1	
15553266031	SMP	1	0.00	0.00	0.00	0.00	-1	
15553316054	SMP	1	0.00	0.00	0.00	0.00	-1	
15553366063	SMP	1	0.00	0.00	0.00	0.00	-1	
15553416164	SMP	1	0.00	0.00	0.00	0.00	-1	
15553466186	SMP	1	0.00	0.00	0.00	0.00	-1	
15553516124	SMP	1	0.00	0.00	0.00	0.00	-1	
15553566292	SMP	1	0.00	0.00	0.00	0.00	-1	
15553616392	SMP	1	0.00	0.00	0.00	0.00	-1	
15553666266	SMP	1	0.00	0.00	0.00	0.00	-1	
15553716265	SMP	1	0.00	0.00	0.00	0.00	-1	
15553766286	SMP	1	0.00	0.00	0.00	0.00	-1	
15553816269	SMP	1	0.00	0.00	0.00	0.00	-1	
15553866322	SMP	1	0.00	0.00	0.00	0.00	-1	
15553916393	SMP	1	0.00	0.00	0.00	0.00	-1	
15553966505	SMP	1	0.00	0.00	0.00	0.00	-1	
15554016627	SMP	1	0.00	0.00	0.00	0.00	-1	
15554066378	SMP	1	0.00	0.00	0.00	0.00	-1	
15554116501	SMP	1	0.00	0.00	0.00	0.00	-1	
15554166496	SMP	1	0.00	0.00	0.00	0.00	-1	
15554216521	SMP	1	0.00	0.00	0.00	0.00	-1	
15554266598	SMP	1	0.00	0.00	0.00	0.00	-1	
15554316573	SMP	1	0.00	0.00	0.00	0.00	-1	
15554367221	SMP	1	0.00	0.00	0.00	0.00	-1	
15554416792	SMP	1	0.00	0.00	0.00	0.00	-1	
15554466654	SMP	1	0.00	0.00	0.00	0.00	-1	
15554516616	SMP	1	0.00	0.00	0.00	0.00	-1	
15554566716	SMP	1	0.00	0.00	0.00	0.00	-1	
15554616645	SMP	1	0.00	0.00	0.00	0.00	-1	
15554666710	SMP	1	0.00	0.00	0.00	0.00	-1	
15554716846	SMP	1	0.00	0.00	0.00	0.00	-1	
15554767151	SMP	1	0.00	0.00	0.00	0.00	-1	
15554816904	SMP	1	0.00	0.00	0.00	0.00	-1	
15554866835	SMP	1	0.00	0.00	0.00	0.00	-1	
15554916827	SMP	1	0.00	0.00	0.00	0.00	-1	
15554966854	SMP	1	0.00	0.00	0.00	0.00	-1	
15555016915	SMP	1	0.00	0.00	0.00	0.00	-1	
15555066820	SMP	1	0.00	0.00	0.00	0.00	-1	
15555116874	SMP	1	0.00	0.00	0.00	0.00	-1	
15555168106	SMP	1	0.00	0.00	0.00	0.00	-1	
15555217388	SMP	1	0.00	0.00	0.00	0.00	-1	
15555267104	SMP	1	0.00	0.00	0.00	0.00	-1	
15555317121	SMP	1	0.00	0.00	0.00	0.00	-1	
15555367117	SMP	1	0.00	0.00	0.00	0.00	-1	
15555417162	SMP	1	0.00	0.00	0.00	0.00	-1	
15555467246	SMP	1	0.00	0.00	0.00	0.00	-1	
15555517126	SMP	1	0.00	0.00	0.00	0.00	-1	
15555567416	SMP	1	0.00	0.00	0.00	0.00	-1	
15555617385	SMP	1	0.00	0.00	0.00	0.00	-1	
15555667262	SMP	1	0.00	0.00	0.00	0.00	-1	
15555717308	SMP	1	0.00	0.00	0.00	0.00	-1	
15555767857	SMP	1	0.00	0.00	0.00	0.00	-1	
15555817435	SMP	1	0.00	0.00	0.00	0.00	-1	
15555867551	SMP	1	0.00	0.00	0.00	0.00	-1	
15555917342	SMP	1	0.00	0.00	0.00	0.00	-1	
15555968348	SMP	1	0.00	0.00	0.00	0.00	-1	
15556017422	SMP	1	0.00	0.00	0.00	0.00	-1	
15556067437	SMP	1	0.00	0.00	0.00	0.00	-1	
15556117382	SMP	1	0.00	0.00	0.00	0.00	-1	
15556167496	SMP	1	0.00	0.00	0.00	0.00	-1	
15556217686	SMP	1	0.00	0.00	0.00	0.00	-1	
15556267567	SMP	1	0.00	0.00	0.00	0.00	-1	
15556317443	SMP	1	0.00	0.00	0.00	0.00	-1	
15556368595	SMP	1	0.00	0.00	0.00	0.00	-1	
15556417579	SMP	1	0.00	0.00	0.00	0.00	-1	
15556467572	SMP	1	0.00	0.00	0.00	0.00	-1	
15556517575	SMP	1	0.00	0.00	0.00	0.00	-1	
15556568178	SMP	1	0.00	0.00	0.00	0.00	-1	
15556617721	SMP	1	0.00	0.00	0.00	0.00	-1	
15556667722	SMP	1	0.00	0.00	0.00	0.00	-1	
15556718009	SMP	1	0.00	0.00	0.00	0.00	-1	
15556768833	SMP	1	0.00	0.00	0.00	0.00	-1	
15556817967	SMP	1	0.00	0.00	0.00	0.00	-1	
15556867941	SMP	1	0.00	0.00	0.00	0.00	-1	
15556917943	SMP	1	0.00	0.00	0.00	0.00	-1	
15556967868	SMP	1	0.00	0.00	0.00	0.00	-1	
15557017843	SMP	1	0.00	0.00	0.00	0.00	-1	
15557067814	SMP	1	0.00	0.00	0.00	0.00	-1	
15557118128	SMP	1	0.00	0.00	0.00	0.00	-1	
15557168263	SMP	1	0.00	0.00	0.00	0.00	-1	
15557217941	SMP	1	0.00	0.00	0.00	0.00	-1	
15557268039	SMP	1	0.00	0.00	0.00	0.00	-1	
15557317946	SMP	1	0.00	0.00	0.00	0.00	-1	
15557368134	SMP	1	0.00	0.00	0.00	0.00	-1	
15557418078	SMP	1	0.00	0.00	0.00	0.00	-1	
15557468419	SMP	1	0.00	0.00	0.00	0.00	-1	
15557518110	SMP	1	0.00	0.00	0.00	0.00	-1	
15557569094	SMP	1	0.00	0.00	0.00	0.00	-1	
15557618342	SMP	1	0.00	0.00	0.00	0.00	-1	
15557668364	SMP	1	0.00	0.00	0.00	0.00	-1	
15557718148	SMP	1	0.00	0.00	0.00	0.00	-1	
15557768343	SMP	1	0.00	0.00	0.00	0.00	-1	
15557818220	SMP	1	0.00	0.00	0.00	0.00	-1	
15557868357	SMP	1	0.00	0.00	0.00	0.00	-1	
15557918399	SMP	1	0.00	0.00	0.00	0.00	-1	
15557968611	SMP	1	0.00	0.00	0.00	0.00	-1	
15558018344	SMP	1	0.00	0.00	0.00	0.00	-1	
15558068397	SMP	1	0.00	0.00	0.00	0.00	-1	
15558118491	SMP	1	0.00	0.00	0.00	0.00	-1	
15558168381	SMP	1	0.00	0.00	0.00	0.00	-1	
15558218408	SMP	1	0.00	0.00	0.00	0.00	-1	
15558268368	SMP	1	0.00	0.00	0.00	0.00	-1	
15558318563	SMP	1	0.00	0.00	0.00	0.00	-1	
15558368661	SMP	1	0.00	0.00	0.00	0.00	-1	
15558418504	SMP	1	0.00	0.00	0.00	0.00	-1	
15558468510	SMP	1	0.00	0.00	0.00	0.00	-1	
15558518545	SMP	1	0.00	0.00	0.00	0.00	-1	
15558569120	SMP	1	0.00	0.00	0.00	0.00	-1	
15558618660	SMP	1	0.00	0.00	0.00	0.00	-1	
15558668601	SMP	1	0.00	0.00	0.00	0.00	-1	
15558718755	SMP	1	0.00	0.00	0.00	0.00	-1	
15558768911	SMP	1	0.00	0.00	0.00	0.00	-1	
15558818686	SMP	1	0.00	0.00	0.00	0.00	-1	
15558869119	SMP	1	0.00	0.00	0.00	0.00	-1	
15558918729	SMP	1	0.00	0.00	0.00	0.00	-1	
15558968857	SMP	1	0.00	0.00	0.00	0.00	-1	
15559018761	SMP	1	0.00	0.00	0.00	0.00	-1	
15559068946	SMP	1	0.00	0.00	0.00	0.00	-1	
15559118956	SMP	1	0.00	0.00	0.00	0.00	-1	
15559169077	SMP	1	0.00	0.00	0.00	0.00	-1	
15559218903	SMP	1	0.00	0.00	0.00	0.00	-1	
15559268911	SMP	1	0.00	0.00	0.00	0.00	-1	
15559318863	SMP	1	0.00	0.00	0.00	0.00	-1	
15559369020	SMP	1	0.00	0.00	0.00	0.00	-1	
15559418999	SMP	1	0.00	0.00	0.00	0.00	-1	
15559469106	SMP	1	0.00	0.00	0.00	0.00	-1	
15559519031	SMP	1	0.00	0.00	0.00	0.00	-1	
15559569848	SMP	1	0.00	0.00	0.00	0.00	-1	
15559619303	SMP	1	0.00	0.00	0.00	0.00	-1	
15559669172	SMP	1	0.00	0.00	0.00	0.00	-1	
15559719069	SMP	1	0.00	0.00	0.00	0.00	-1	
15559769020	SMP	1	0.00	0.00	0.00	0.00	-1	
15559819110	SMP	1	0.00	0.00	0.00	0.00	-1	
15559869305	SMP	1	0.00	0.00	0.00	0.00	-1	
15559919186	SMP	1	0.00	0.00	0.00	0.00	-1	
15559969956	SMP	1	0.00	0.00	0.00	0.00	-1	
15560019632	SMP	1	0.00	0.00	0.00	0.00	-1	
15560069320	SMP	1	0.00	0.00	0.00	0.00	-1	
15560119296	SMP	1	0.00	0.00	0.00	0.00	-1	
15560169447	SMP	1	0.00	0.00	0.00	0.00	-1	
15560219331	SMP	1	0.00	0.00	0.00	0.00	-1	
15560269747	SMP	1	0.00	0.00	0.00	0.00	-1	
15560319375	SMP	1	0.00	0.00	0.00	0.00	-1	
15560369787	SMP	1	0.00	0.00	0.00	0.00	-1	
15560419906	SMP	1	0.00	0.00	0.00	0.00	-1	
15560469453	SMP	1	0.00	0.00	0.00	0.00	-1	
15560519451	SMP	1	0.00	0.00	0.00	0.00	-1	
15560570191	SMP	1	0.00	0.00	0.00	0.00	-1	
15560619534	SMP	1	0.00	0.00	0.00	0.00	-1	
15560669716	SMP	1	0.00	0.00	0.00	0.00	-1	
15560719555	SMP	1	0.00	0.00	0.00	0.00	-1	
15560769681	SMP	1	0.00	0.00	0.00	0.00	-1	
15560819700	SMP	1	0.00	0.00	0.00	0.00	-1	
15560869793	SMP	1	0.00	0.00	0.00	0.00	-1	
15560919688	SMP	1	0.00	0.00	0.00	0.00	-1	
15560969784	SMP	1	0.00	0.00	0.00	0.00	-1	
15561020247	SMP	1	0.00	0.00	0.00	0.00	-1	
15561070322	SMP	1	0.00	0.00	0.00	0.00	-1	
15561119813	SMP	1	0.00	0.00	0.00	0.00	-1	
15561169963	SMP	1	0.00	0.00	0.00	0.00	-1	
15561219952	SMP	1	0.00	0.00	0.00	0.00	-1	
15561269891	SMP	1	0.00	0.00	0.00	0.00	-1	
15561319815	SMP	1	0.00	0.00	0.00	0.00	-1	
15561370181	SMP	1	0.00	0.00	0.00	0.00	-1	
15561420304	SMP	1	0.00	0.00	0.00	0.00	-1	
15561469943	SMP	1	0.00	0.00	0.00	0.00	-1	
15561519937	SMP	1	0.00	0.00	0.00	0.00	-1	
15561570125	SMP	1	0.00	0.00	0.00	0.00	-1	
15561620070	SMP	1	0.00	0.00	0.00	0.00	-1	
15561670089	SMP	1	0.00	0.00	0.00	0.00	-1	
15561720082	SMP	1	0.00	0.00	0.00	0.00	-1	
15561770324	SMP	1	0.00	0.00	0.00	0.00	-1	
15561820151	SMP	1	0.00	0.00	0.00	0.00	-1	
15561870515	SMP	1	0.00	0.00	0.00	0.00	-1	
15561920221	SMP	1	0.00	0.00	0.00	0.00	-1	
15561970420	SMP	1	0.00	0.00	0.00	0.00	-1	
15562020185	SMP	1	0.00	0.00	0.00	0.00	-1	
15562070821	SMP	1	0.00	0.00	0.00	0.00	-1	
15562120346	SMP	1	0.00	0.00	0.00	0.00	-1	
15562170325	SMP	1	0.00	0.00	0.00	0.00	-1	
15562220313	SMP	1	0.00	0.00	0.00	0.00	-1	
15562270395	SMP	1	0.00	0.00	0.00	0.00	-1	
15562320310	SMP	1	0.00	0.00	0.00	0.00	-1	
15562370521	SMP	1	0.00	0.00	0.00	0.00	-1	
15562420418	SMP	1	0.00	0.00	0.00	0.00	-1	
15562470513	SMP	1	0.00	0.00	0.00	0.00	-1	
15562520428	SMP	1	0.00	0.00	0.00	0.00	-1	
15562571191	SMP	1	0.00	0.00	0.00	0.00	-1	
15562620489	SMP	1	0.00	0.00	0.00	0.00	-1	
15562670789	SMP	1	0.00	0.00	0.00	0.00	-1	
15562720611	SMP	1	0.00	0.00	0.00	0.00	-1	
15562771013	SMP	1	0.00	0.00	0.00	0.00	-1	
15562820556	SMP	1	0.00	0.00	0.00	0.00	-1	
15562871067	SMP	1	0.00	0.00	0.00	0.00	-1	
15562920639	SMP	1	0.00	0.00	0.00	0.00	-1	
15562971213	SMP	1	0.00	0.00	0.00	0.00	-1	
15563020626	SMP	1	0.00	0.00	0.00	0.00	-1	
15563070783	SMP	1	0.00	0.00	0.00	0.00	-1	
15563120804	SMP	1	0.00	0.00	0.00	0.00	-1	
15563171448	SMP	1	0.00	0.00	0.00	0.00	-1	
15563220780	SMP	1	0.00	0.00	0.00	0.00	-1	
15563270779	SMP	1	0.00	0.00	0.00	0.00	-1	
15563320832	SMP	1	0.00	0.00	0.00	0.00	-1	
15563371545	SMP	1	0.00	0.00	0.00	0.00	-1	
15563420866	SMP	1	0.00	0.00	0.00	0.00	-1	
15563471475	SMP	1	0.00	0.00	0.00	0.00	-1	
15563520817	SMP	1	0.00	0.00	0.00	0.00	-1	
15563571273	SMP	1	0.00	0.00	0.00	0.00	-1	
15563621120	SMP	1	0.00	0.00	0.00	0.00	-1	
15563670945	SMP	1	0.00	0.00	0.00	0.00	-1	
15563720941	SMP	1	0.00	0.00	0.00	0.00	-1	
15563771001	SMP	1	0.00	0.00	0.00	0.00	-1	
15563821113	SMP	1	0.00	0.00	0.00	0.00	-1	
15563871171	SMP	1	0.00	0.00	0.00	0.00	-1	
15563921098	SMP	1	0.00	0.00	0.00	0.00	-1	
15563971322	SMP	1	0.00	0.00	0.00	0.00	-1	
15564021100	SMP	1	0.00	0.00	0.00	0.00	-1	
15564071306	SMP	1	0.00	0.00	0.00	0.00	-1	
15564121220	SMP	1	0.00	0.00	0.00	0.00	-1	
15564172275	SMP	1	0.00	0.00	0.00	0.00	-1	
15564221566	SMP	1	0.00	0.00	0.00	0.00	-1	
15564271210	SMP	1	0.00	0.00	0.00	0.00	-1	
15564321350	SMP	1	0.00	0.00	0.00	0.00	-1	
15564371597	SMP	1	0.00	0.00	0.00	0.00	-1	
15564421368	SMP	1	0.00	0.00	0.00	0.00	-1	
15564471301	SMP	1	0.00	0.00	0.00	0.00	-1	
15564521340	SMP	1	0.00	0.00	0.00	0.00	-1	
15564571464	SMP	1	0.00	0.00	0.00	0.00	-1	
15564621523	SMP	1	0.00	0.00	0.00	0.00	-1	
15564671839	SMP	1	0.00	0.00	0.00	0.00	-1	
15564721417	SMP	1	0.00	0.00	0.00	0.00	-1	
15564772709	SMP	1	0.00	0.00	0.00	0.00	-1	
15564821580	SMP	1	0.00	0.00	0.00	0.00	-1	
15564871589	SMP	1	0.00	0.00	0.00	0.00	-1	
15564921618	SMP	1	0.00	0.00	0.00	0.00	-1	
15564971577	SMP	1	0.00	0.00	0.00	0.00	-1	
15565021650	SMP	1	0.00	0.00	0.00	0.00	-1	
15565071722	SMP	1	0.00	0.00	0.00	0.00	-1	
15565121725	SMP	1	0.00	0.00	0.00	0.00	-1	
15565171728	SMP	1	0.00	0.00	0.00	0.00	-1	
15565221724	SMP	1	0.00	0.00	0.00	0.00	-1	
15565271978	SMP	1	0.00	0.00	0.00	0.00	-1	
15565321807	SMP	1	0.00	0.00	0.00	0.00	-1	
15565371859	SMP	1	0.00	0.00	0.00	0.00	-1	
15565421843	SMP	1	0.00	0.00	0.00	0.00	-1	
15565471781	SMP	1	0.00	0.00	0.00	0.00	-1	
15565521925	SMP	1	0.00	0.00	0.00	0.00	-1	
15565572456	SMP	1	0.00	0.00	0.00	0.00	-1	
15565621923	SMP	1	0.00	0.00	0.00	0.00	-1	
15565671972	SMP	1	0.00	0.00	0.00	0.00	-1	
15565721922	SMP	1	0.00	0.00	0.00	0.00	-1	
15565772043	SMP	1	0.00	0.00	0.00	0.00	-1	
15565822051	SMP	1	0.00	0.00	0.00	0.00	-1	
15565872113	SMP	1	0.00	0.00	0.00	0.00	-1	
15565922126	SMP	1	0.00	0.00	0.00	0.00	-1	
15565972614	SMP	1	0.00	0.00	0.00	0.00	-1	
15566022077	SMP	1	0.00	0.00	0.00	0.00	-1	
15566072579	SMP	1	0.00	0.00	0.00	0.00	-1	
15566122199	SMP	1	0.00	0.00	0.00	0.00	-1	
15566172339	SMP	1	0.00	0.00	0.00	0.00	-1	
15566222188	SMP	1	0.00	0.00	0.00	0.00	-1	
15566272280	SMP	1	0.00	0.00	0.00	0.00	-1	
15566322263	SMP	1	0.00	0.00	0.00	0.00	-1	
15566372327	SMP	1	0.00	0.00	0.00	0.00	-1	
15566422290	SMP	1	0.00	0.00	0.00	0.00	-1	
15566472360	SMP	1	0.00	0.00	0.00	0.00	-1	
15566522285	SMP	1	0.00	0.00	0.00	0.00	-1	
15566572373	SMP	1	0.00	0.00	0.00	0.00	-1	
15566622364	SMP	1	0.00	0.00	0.00	0.00	-1	
15566672936	SMP	1	0.00	0.00	0.00	0.00	-1	
15566722406	SMP	1	0.00	0.00	0.00	0.00	-1	
15566772631	SMP	1	0.00	0.00	0.00	0.00	-1	
15566822605	SMP	1	0.00	0.00	0.00	0.00	-1	
15566872481	SMP	1	0.00	0.00	0.00	0.00	-1	
15566922506	SMP	1	0.00	0.00	0.00	0.00	-1	
15566972481	SMP	1	0.00	0.00	0.00	0.00	-1	
15567022639	SMP	1	0.00	0.00	0.00	0.00	-1	
15567073127	SMP	1	0.00	0.00	0.00	0.00	-1	
15567122583	SMP	1	0.00	0.00	0.00	0.00	-1	
15567173100	SMP	1	0.00	0.00	0.00	0.00	-1	
15567222659	SMP	1	0.00	0.00	0.00	0.00	-1	
15567272712	SMP	1	0.00	0.00	0.00	0.00	-1	
15567322798	SMP	1	0.00	0.00	0.00	0.00	-1	
15567373177	SMP	1	0.00	0.00	0.00	0.00	-1	
15567423054	SMP	1	0.00	0.00	0.00	0.00	-1	
15567472901	SMP	1	0.00	0.00	0.00	0.00	-1	
15567522744	SMP	1	0.00	0.00	0.00	0.00	-1	
15567573365	SMP	1	0.00	0.00	0.00	0.00	-1	
15567622842	SMP	1	0.00	0.00	0.00	0.00	-1	
15567672933	SMP	1	0.00	0.00	0.00	0.00	-1	
15567722845	SMP	1	0.00	0.00	0.00	0.00	-1	
15567773143	SMP	1	0.00	0.00	0.00	0.00	-1	
15567823054	SMP	1	0.00	0.00	0.00	0.00	-1	
15567873001	SMP	1	0.00	0.00	0.00	0.00	-1	
15567922991	SMP	1	0.00	0.00	0.00	0.00	-1	
15567973123	SMP	1	0.00	0.00	0.00	0.00	-1	
15568023112	SMP	1	0.00	0.00	0.00	0.00	-1	
15568073199	SMP	1	0.00	0.00	0.00	0.00	-1	
15568123137	SMP	1	0.00	0.00	0.00	0.00	-1	
15568173745	SMP	1	0.00	0.00	0.00	0.00	-1	
15568223304	SMP	1	0.00	0.00	0.00	0.00	-1	
15568273219	SMP	1	0.00	0.00	0.00	0.00	-1	
15568323228	SMP	1	0.00	0.00	0.00	0.00	-1	
15568373217	SMP	1	0.00	0.00	0.00	0.00	-1	
15568423297	SMP	1	0.00	0.00	0.00	0.00	-1	
15568473317	SMP	1	0.00	0.00	0.00	0.00	-1	
15568523277	SMP	1	0.00	0.00	0.00	0.00	-1	
15568573490	SMP	1	0.00	0.00	0.00	0.00	-1	
15568623359	SMP	1	0.00	0.00	0.00	0.00	-1	
15568673381	SMP	1	0.00	0.00	0.00	0.00	-1	
15568723361	SMP	1	0.00	0.00	0.00	0.00	-1	
15568773559	SMP	1	0.00	0.00	0.00	0.00	-1	
15568823517	SMP	1	0.00	0.00	0.00	0.00	-1	
15568873592	SMP	1	0.00	0.00	0.00	0.00	-1	
15568923516	SMP	1	0.00	0.00	0.00	0.00	-1	
15568973673	SMP	1	0.00	0.00	0.00	0.00	-1	
15569023547	SMP	1	0.00	0.00	0.00	0.00	-1	
15569073746	SMP	1	0.00	0.00	0.00	0.00	-1	
15569123587	SMP	1	0.00	0.00	0.00	0.00	-1	
15569173671	SMP	1	0.00	0.00	0.00	0.00	-1	
15569223597	SMP	1	0.00	0.00	0.00	0.00	-1	
15569273769	SMP	1	0.00	0.00	0.00	0.00	-1	
15569323669	SMP	1	0.00	0.00	0.00	0.00	-1	
15569375252	SMP	1	0.00	0.00	0.00	0.00	-1	
15569423696	SMP	1	0.00	0.00	0.00	0.00	-1	
15569473705	SMP	1	0.00	0.00	0.00	0.00	-1	
15569523818	SMP	1	0.00	0.00	0.00	0.00	-1	
15569573913	SMP	1	0.00	0.00	0.00	0.00	-1	
15569623820	SMP	1	0.00	0.00	0.00	0.00	-1	
15569673810	SMP	1	0.00	0.00	0.00	0.00	-1	
15569723825	SMP	1	0.00	0.00	0.00	0.00	-1	
15569773992	SMP	1	0.00	0.00	0.00	0.00	-1	
15569823932	SMP	1	0.00	0.00	0.00	0.00	-1	
15569873917	SMP	1	0.00	0.00	0.00	0.00	-1	
15569923980	SMP	1	0.00	0.00	0.00	0.00	-1	
15569973964	SMP	1	0.00	0.00	0.00	0.00	-1	
15570024051	SMP	1	0.00	0.00	0.00	0.00	-1	
15570074034	SMP	1	0.00	0.00	0.00	0.00	-1	
15570124034	SMP	1	0.00	0.00	0.00	0.00	-1	
15570174268	SMP	1	0.00	0.00	0.00	0.00	-1	
15570224048	SMP	1	0.00	0.00	0.00	0.00	-1	
15570274124	SMP	1	0.00	0.00	0.00	0.00	-1	
15570324184	SMP	1	0.00	0.00	0.00	0.00	-1	
15570374127	SMP	1	0.00	0.00	0.00	0.00	-1	
15570424157	SMP	1	0.00	0.00	0.00	0.00	-1	
15570474259	SMP	1	0.00	0.00	0.00	0.00	-1	
15570524255	SMP	1	0.00	0.00	0.00	0.00	-1	
15570574630	SMP	1	0.00	0.00	0.00	0.00	-1	
15570624248	SMP	1	0.00	0.00	0.00	0.00	-1	
15570674274	SMP	1	0.00	0.00	0.00	0.00	-1	
15570724478	SMP	1	0.00	0.00	0.00	0.00	-1	
15570774765	SMP	1	0.00	0.00	0.00	0.00	-1	
15570824372	SMP	1	0.00	0.00	0.00	0.00	-1	
15570874564	SMP	1	0.00	0.00	0.00	0.00	-1	
15570924387	SMP	1	0.00	0.00	0.00	0.00	-1	
15570974499	SMP	1	0.00	0.00	0.00	0.00	-1	
15571024497	SMP	1	0.00	0.00	0.00	0.00	-1	
15571074555	SMP	1	0.00	0.00	0.00	0.00	-1	
15571124485	SMP	1	0.00	0.00	0.00	0.00	-1	
15571174546	SMP	1	0.00	0.00	0.00	0.00	-1	
15571224559	SMP	1	0.00	0.00	0.00	0.00	-1	
15571274671	SMP	1	0.00	0.00	0.00	0.00	-1	
15571324648	SMP	1	0.00	0.00	0.00	0.00	-1	
15571374968	SMP	1	0.00	0.00	0.00	0.00	-1	
15571424628	SMP	1	0.00	0.00	0.00	0.00	-1	
15571474674	SMP	1	0.00	0.00	0.00	0.00	-1	
15571524771	SMP	1	0.00	0.00	0.00	0.00	-1	
15571574784	SMP	1	0.00	0.00	0.00	0.00	-1	
15571624757	SMP	1	0.00	0.00	0.00	0.00	-1	
15571674758	SMP	1	0.00	0.00	0.00	0.00	-1	
15571724824	SMP	1	0.00	0.00	0.00	0.00	-1	
15571774904	SMP	1	0.00	0.00	0.00	0.00	-1	
15571824834	SMP	1	0.00	0.00	0.00	0.00	-1	
15571874878	SMP	1	0.00	0.00	0.00	0.00	-1	
15571924905	SMP	1	0.00	0.00	0.00	0.00	-1	
15571974918	SMP	1	0.00	0.00	0.00	0.00	-1	
15572025021	SMP	1	0.00	0.00	0.00	0.00	-1	
15572075029	SMP	1	0.00	0.00	0.00	0.00	-1	
15572125023	SMP	1	0.00	0.00	0.00	0.00	-1	
15572175026	SMP	1	0.00	0.00	0.00	0.00	-1	
15572225505	SMP	1	0.00	0.00	0.00	0.00	-1	
15572275118	SMP	1	0.00	0.00	0.00	0.00	-1	
15572325137	SMP	1	0.00	0.00	0.00	0.00	-1	
15572375131	SMP	1	0.00	0.00	0.00	0.00	-1	
15572425108	SMP	1	0.00	0.00	0.00	0.00	-1	
15572475191	SMP	1	0.00	0.00	0.00	0.00	-1	
15572525496	SMP	1	0.00	0.00	0.00	0.00	-1	
15572575268	SMP	1	0.00	0.00	0.00	0.00	-1	
15572625228	SMP	1	0.00	0.00	0.00	0.00	-1	
15572675245	SMP	1	0.00	0.00	0.00	0.00	-1	
15572725506	SMP	1	0.00	0.00	0.00	0.00	-1	
15572775352	SMP	1	0.00	0.00	0.00	0.00	-1	
15572825273	SMP	1	0.00	0.00	0.00	0.00	-1	
15572875339	SMP	1	0.00	0.00	0.00	0.00	-1	
15572925417	SMP	1	0.00	0.00	0.00	0.00	-1	
15572975813	SMP	1	0.00	0.00	0.00	0.00	-1	
15573025423	SMP	1	0.00	0.00	0.00	0.00	-1	
15573075449	SMP	1	0.00	0.00	0.00	0.00	-1	
15573125467	SMP	1	0.00	0.00	0.00	0.00	-1	
15573175490	SMP	1	0.00	0.00	0.00	0.00	-1	
15573225463	SMP	1	0.00	0.00	0.00	0.00	-1	
15573275559	SMP	1	0.00	0.00	0.00	0.00	-1	
15573325866	SMP	1	0.00	0.00	0.00	0.00	-1	
15573375534	SMP	1	0.00	0.00	0.00	0.00	-1	
15573425571	SMP	1	0.00	0.00	0.00	0.00	-1	
15573475575	SMP	1	0.00	0.00	0.00	0.00	-1	
15573525785	SMP	1	0.00	0.00	0.00	0.00	-1	
15573575692	SMP	1	0.00	0.00	0.00	0.00	-1	
15573625748	SMP	1	0.00	0.00	0.00	0.00	-1	
15573675698	SMP	1	0.00	0.00	0.00	0.00	-1	
15573725774	SMP	1	0.00	0.00	0.00	0.00	-1	
15573775854	SMP	1	0.00	0.00	0.00	0.00	-1	
15573825868	SMP	1	0.00	0.00	0.00	0.00	-1	
15573875986	SMP	1	0.00	0.00	0.00	0.00	-1	
15573925838	SMP	1	0.00	0.00	0.00	0.00	-1	
15573975835	SMP	1	0.00	0.00	0.00	0.00	-1	
15574025917	SMP	1	0.00	0.00	0.00	0.00	-1	
